Matrix 1:
1.000000 0.333333 0.333333 1.000000 0.500000
3.000000 1.000000 3.000000 1.000000 5.000000
3.000000 0.333333 1.000000 4.000000 4.000000
1.000000 1.000000 0.250000 1.000000 5.000000
2.000000 0.200000 0.250000 0.200000 1.000000

Matrix 2:
1.000000 4.000000 0.200000 0.333333 0.500000
0.250000 1.000000 0.500000 0.250000 5.000000
5.000000 2.000000 1.000000 1.000000 1.000000
3.000000 4.000000 1.000000 1.000000 0.333333
2.000000 0.200000 1.000000 3.000000 1.000000

Matrix 3:
1.000000 5.000000 0.333333 0.500000 4.000000
0.200000 1.000000 2.000000 1.000000 0.500000
3.000000 0.500000 1.000000 0.200000 5.000000
2.000000 1.000000 5.000000 1.000000 3.000000
0.250000 2.000000 0.200000 0.333333 1.000000

Matrix 4:
1.000000 0.500000 0.500000 0.250000 5.000000
2.000000 1.000000 3.000000 1.000000 4.000000
2.000000 0.333333 1.000000 1.000000 2.000000
4.000000 1.000000 1.000000 1.000000 0.333333
0.200000 0.250000 0.500000 3.000000 1.000000

Matrix 5:
1.000000 3.000000 3.000000 0.250000 0.333333
0.333333 1.000000 1.000000 1.000000 0.250000
0.333333 1.000000 1.000000 2.000000 5.000000
4.000000 1.000000 0.500000 1.000000 3.000000
3.000000 4.000000 0.200000 0.333333 1.000000

Matrix 6:
1.000000 2.000000 1.000000 0.333333 5.000000
0.500000 1.000000 0.250000 1.000000 1.000000
1.000000 4.000000 1.000000 3.000000 0.333333
3.000000 1.000000 0.333333 1.000000 4.000000
0.200000 1.000000 3.000000 0.250000 1.000000

Matrix 7:
1.000000 5.000000 4.000000 2.000000 3.000000
0.200000 1.000000 0.250000 0.250000 0.333333
0.250000 4.000000 1.000000 3.000000 1.000000
0.500000 4.000000 0.333333 1.000000 1.000000
0.333333 3.000000 1.000000 1.000000 1.000000

Matrix 8:
1.000000 1.000000 0.500000 0.250000 1.000000
1.000000 1.000000 1.000000 0.333333 5.000000
2.000000 1.000000 1.000000 4.000000 5.000000
4.000000 3.000000 0.250000 1.000000 5.000000
1.000000 0.200000 0.200000 0.200000 1.000000

Matrix 9:
1.000000 0.250000 0.250000 0.333333 0.333333
4.000000 1.000000 0.333333 3.000000 5.000000
4.000000 3.000000 1.000000 1.000000 0.200000
3.000000 0.333333 1.000000 1.000000 0.333333
3.000000 0.200000 5.000000 3.000000 1.000000

Matrix 10:
1.000000 4.000000 4.000000 0.200000 5.000000
0.250000 1.000000 1.000000 3.000000 0.500000
0.250000 1.000000 1.000000 4.000000 1.000000
5.000000 0.333333 0.250000 1.000000 4.000000
0.200000 2.000000 1.000000 0.250000 1.000000