Matrix 1:
1.000000 4.700000 1.600000 4.700000 0.384620
0.212770 1.000000 7.000000 0.625000 1.000000
0.625000 0.142860 1.000000 0.142860 0.384620
0.212770 1.600000 7.000000 1.000000 0.142860
2.600000 1.000000 2.600000 7.000000 1.000000

Matrix 2:
1.000000 4.700000 2.600000 1.000000 1.000000
0.212770 1.000000 1.600000 4.700000 4.700000
0.384620 0.625000 1.000000 4.700000 0.625000
1.000000 0.212770 0.212770 1.000000 4.700000
1.000000 0.212770 1.600000 0.212770 1.000000

Matrix 3:
1.000000 0.625000 1.600000 0.142860 4.700000
1.600000 1.000000 1.000000 1.600000 2.600000
0.625000 1.000000 1.000000 0.142860 1.600000
7.000000 0.625000 7.000000 1.000000 0.625000
0.212770 0.384620 0.625000 1.600000 1.000000

Matrix 4:
1.000000 7.000000 0.625000 4.700000 7.000000
0.142860 1.000000 4.700000 1.600000 2.600000
1.600000 0.212770 1.000000 7.000000 0.384620
0.212770 0.625000 0.142860 1.000000 7.000000
0.142860 0.384620 2.600000 0.142860 1.000000

Matrix 5:
1.000000 0.384620 1.000000 2.600000 0.384620
2.600000 1.000000 7.000000 1.000000 1.000000
1.000000 0.142860 1.000000 0.212770 0.212770
0.384620 1.000000 4.700000 1.000000 1.000000
2.600000 1.000000 4.700000 1.000000 1.000000

Matrix 6:
1.000000 0.384620 2.600000 2.600000 0.384620
2.600000 1.000000 0.212770 0.625000 0.625000
0.384620 4.700000 1.000000 0.212770 4.700000
0.384620 1.600000 4.700000 1.000000 2.600000
2.600000 1.600000 0.212770 0.384620 1.000000

Matrix 7:
1.000000 1.600000 1.600000 0.384620 0.142860
0.625000 1.000000 1.000000 0.625000 0.142860
0.625000 1.000000 1.000000 2.600000 0.142860
2.600000 1.600000 0.384620 1.000000 4.700000
7.000000 7.000000 7.000000 0.212770 1.000000

Matrix 8:
1.000000 2.600000 2.600000 0.625000 0.212770
0.384620 1.000000 1.000000 0.212770 1.000000
0.384620 1.000000 1.000000 0.212770 1.000000
1.600000 4.700000 4.700000 1.000000 0.212770
4.700000 1.000000 1.000000 4.700000 1.000000

Matrix 9:
1.000000 0.384620 0.142860 1.000000 0.212770
2.600000 1.000000 0.625000 7.000000 1.000000
7.000000 1.600000 1.000000 0.384620 7.000000
1.000000 0.142860 2.600000 1.000000 2.600000
4.700000 1.000000 0.142860 0.384620 1.000000

Matrix 10:
1.000000 4.700000 0.625000 0.384620 0.625000
0.212770 1.000000 1.600000 1.000000 4.700000
1.600000 0.625000 1.000000 1.000000 1.600000
2.600000 1.000000 1.000000 1.000000 1.000000
1.600000 0.212770 0.625000 1.000000 1.000000

Matrix 11:
1.000000 1.000000 2.600000 0.384620 0.212770
1.000000 1.000000 0.625000 7.000000 4.700000
0.384620 1.600000 1.000000 7.000000 0.384620
2.600000 0.142860 0.142860 1.000000 0.625000
4.700000 0.212770 2.600000 1.600000 1.000000

Matrix 12:
1.000000 7.000000 1.600000 2.600000 0.384620
0.142860 1.000000 1.000000 0.142860 2.600000
0.625000 1.000000 1.000000 1.600000 1.000000
0.384620 7.000000 0.625000 1.000000 2.600000
2.600000 0.384620 1.000000 0.384620 1.000000

Matrix 13:
1.000000 0.625000 0.625000 4.700000 1.000000
1.600000 1.000000 0.625000 4.700000 0.384620
1.600000 1.600000 1.000000 1.000000 0.212770
0.212770 0.212770 1.000000 1.000000 4.700000
1.000000 2.600000 4.700000 0.212770 1.000000

Matrix 14:
1.000000 1.600000 4.700000 1.000000 2.600000
0.625000 1.000000 1.000000 0.212770 1.000000
0.212770 1.000000 1.000000 7.000000 7.000000
1.000000 4.700000 0.142860 1.000000 4.700000
0.384620 1.000000 0.142860 0.212770 1.000000

Matrix 15:
1.000000 1.000000 1.600000 7.000000 0.384620
1.000000 1.000000 1.000000 7.000000 1.600000
0.625000 1.000000 1.000000 2.600000 0.212770
0.142860 0.142860 0.384620 1.000000 2.600000
2.600000 0.625000 4.700000 0.384620 1.000000

Matrix 16:
1.000000 7.000000 1.600000 0.212770 0.212770
0.142860 1.000000 0.384620 0.212770 0.142860
0.625000 2.600000 1.000000 2.600000 2.600000
4.700000 4.700000 0.384620 1.000000 7.000000
4.700000 7.000000 0.384620 0.142860 1.000000

Matrix 17:
1.000000 0.625000 1.600000 1.600000 1.000000
1.600000 1.000000 0.625000 0.142860 4.700000
0.625000 1.600000 1.000000 4.700000 4.700000
0.625000 7.000000 0.212770 1.000000 4.700000
1.000000 0.212770 0.212770 0.212770 1.000000

Matrix 18:
1.000000 0.212770 0.625000 0.212770 0.384620
4.700000 1.000000 4.700000 0.625000 0.142860
1.600000 0.212770 1.000000 0.142860 0.384620
4.700000 1.600000 7.000000 1.000000 1.000000
2.600000 7.000000 2.600000 1.000000 1.000000

Matrix 19:
1.000000 2.600000 2.600000 1.000000 1.000000
0.384620 1.000000 0.625000 0.625000 1.000000
0.384620 1.600000 1.000000 1.000000 1.000000
1.000000 1.600000 1.000000 1.000000 2.600000
1.000000 1.000000 1.000000 0.384620 1.000000

Matrix 20:
1.000000 1.600000 0.384620 7.000000 7.000000
0.625000 1.000000 0.142860 0.212770 0.625000
2.600000 7.000000 1.000000 0.384620 0.625000
0.142860 4.700000 2.600000 1.000000 1.000000
0.142860 1.600000 1.600000 1.000000 1.000000

Matrix 21:
1.000000 1.600000 0.625000 1.600000 1.600000
0.625000 1.000000 7.000000 7.000000 1.000000
1.600000 0.142860 1.000000 7.000000 1.000000
0.625000 0.142860 0.142860 1.000000 7.000000
0.625000 1.000000 1.000000 0.142860 1.000000

Matrix 22:
1.000000 4.700000 1.000000 0.625000 0.212770
0.212770 1.000000 0.212770 1.600000 0.384620
1.000000 4.700000 1.000000 7.000000 1.600000
1.600000 0.625000 0.142860 1.000000 0.212770
4.700000 2.600000 0.625000 4.700000 1.000000

Matrix 23:
1.000000 1.600000 1.600000 1.000000 1.000000
0.625000 1.000000 1.000000 1.600000 4.700000
0.625000 1.000000 1.000000 7.000000 0.212770
1.000000 0.625000 0.142860 1.000000 7.000000
1.000000 0.212770 4.700000 0.142860 1.000000

Matrix 24:
1.000000 0.384620 7.000000 0.142860 1.000000
2.600000 1.000000 1.600000 2.600000 0.142860
0.142860 0.625000 1.000000 0.142860 1.000000
7.000000 0.384620 7.000000 1.000000 0.212770
1.000000 7.000000 1.000000 4.700000 1.000000

Matrix 25:
1.000000 1.000000 0.384620 1.600000 0.625000
1.000000 1.000000 1.600000 2.600000 0.142860
2.600000 0.625000 1.000000 1.000000 0.384620
0.625000 0.384620 1.000000 1.000000 0.142860
1.600000 7.000000 2.600000 7.000000 1.000000

Matrix 26:
1.000000 0.625000 0.384620 0.142860 1.600000
1.600000 1.000000 0.384620 0.384620 0.384620
2.600000 2.600000 1.000000 1.000000 0.384620
7.000000 2.600000 1.000000 1.000000 0.625000
0.625000 2.600000 2.600000 1.600000 1.000000

Matrix 27:
1.000000 1.600000 0.625000 1.600000 2.600000
0.625000 1.000000 0.384620 0.212770 7.000000
1.600000 2.600000 1.000000 4.700000 0.212770
0.625000 4.700000 0.212770 1.000000 2.600000
0.384620 0.142860 4.700000 0.384620 1.000000

Matrix 28:
1.000000 7.000000 1.000000 0.384620 1.000000
0.142860 1.000000 0.384620 0.384620 0.212770
1.000000 2.600000 1.000000 0.384620 0.142860
2.600000 2.600000 2.600000 1.000000 1.000000
1.000000 4.700000 7.000000 1.000000 1.000000

Matrix 29:
1.000000 4.700000 7.000000 0.384620 0.212770
0.212770 1.000000 1.600000 1.600000 2.600000
0.142860 0.625000 1.000000 0.142860 0.625000
2.600000 0.625000 7.000000 1.000000 4.700000
4.700000 0.384620 1.600000 0.212770 1.000000

Matrix 30:
1.000000 0.625000 1.600000 1.000000 7.000000
1.600000 1.000000 0.212770 7.000000 1.600000
0.625000 4.700000 1.000000 1.000000 0.384620
1.000000 0.142860 1.000000 1.000000 7.000000
0.142860 0.625000 2.600000 0.142860 1.000000

Matrix 31:
1.000000 0.625000 1.600000 4.700000 1.600000
1.600000 1.000000 1.600000 0.142860 4.700000
0.625000 0.625000 1.000000 0.625000 0.384620
0.212770 7.000000 1.600000 1.000000 1.000000
0.625000 0.212770 2.600000 1.000000 1.000000

Matrix 32:
1.000000 0.625000 7.000000 0.384620 2.600000
1.600000 1.000000 7.000000 1.600000 0.142860
0.142860 0.142860 1.000000 1.000000 1.000000
2.600000 0.625000 1.000000 1.000000 1.000000
0.384620 7.000000 1.000000 1.000000 1.000000

Matrix 33:
1.000000 7.000000 2.600000 0.142860 1.000000
0.142860 1.000000 2.600000 1.000000 1.000000
0.384620 0.384620 1.000000 2.600000 1.000000
7.000000 1.000000 0.384620 1.000000 0.384620
1.000000 1.000000 1.000000 2.600000 1.000000

Matrix 34:
1.000000 0.625000 7.000000 1.000000 1.000000
1.600000 1.000000 0.384620 1.000000 1.000000
0.142860 2.600000 1.000000 1.600000 7.000000
1.000000 1.000000 0.625000 1.000000 1.000000
1.000000 1.000000 0.142860 1.000000 1.000000

Matrix 35:
1.000000 4.700000 4.700000 0.212770 0.625000
0.212770 1.000000 0.625000 1.000000 4.700000
0.212770 1.600000 1.000000 0.142860 0.384620
4.700000 1.000000 7.000000 1.000000 0.625000
1.600000 0.212770 2.600000 1.600000 1.000000

Matrix 36:
1.000000 0.142860 1.600000 0.142860 0.142860
7.000000 1.000000 1.600000 1.000000 2.600000
0.625000 0.625000 1.000000 7.000000 7.000000
7.000000 1.000000 0.142860 1.000000 7.000000
7.000000 0.384620 0.142860 0.142860 1.000000

Matrix 37:
1.000000 1.000000 0.212770 1.000000 0.384620
1.000000 1.000000 0.625000 2.600000 0.212770
4.700000 1.600000 1.000000 1.600000 7.000000
1.000000 0.384620 0.625000 1.000000 4.700000
2.600000 4.700000 0.142860 0.212770 1.000000

Matrix 38:
1.000000 0.625000 0.625000 0.142860 0.384620
1.600000 1.000000 0.384620 0.625000 1.600000
1.600000 2.600000 1.000000 2.600000 1.000000
7.000000 1.600000 0.384620 1.000000 1.000000
2.600000 0.625000 1.000000 1.000000 1.000000

Matrix 39:
1.000000 1.000000 4.700000 2.600000 1.000000
1.000000 1.000000 2.600000 0.142860 2.600000
0.212770 0.384620 1.000000 0.625000 1.600000
0.384620 7.000000 1.600000 1.000000 0.384620
1.000000 0.384620 0.625000 2.600000 1.000000

Matrix 40:
1.000000 0.142860 0.212770 7.000000 0.625000
7.000000 1.000000 1.000000 0.384620 0.142860
4.700000 1.000000 1.000000 0.625000 0.212770
0.142860 2.600000 1.600000 1.000000 4.700000
1.600000 7.000000 4.700000 0.212770 1.000000

Matrix 41:
1.000000 1.000000 1.000000 0.142860 1.600000
1.000000 1.000000 1.000000 0.384620 0.212770
1.000000 1.000000 1.000000 0.212770 1.600000
7.000000 2.600000 4.700000 1.000000 2.600000
0.625000 4.700000 0.625000 0.384620 1.000000

Matrix 42:
1.000000 7.000000 0.142860 1.000000 1.000000
0.142860 1.000000 0.625000 2.600000 0.212770
7.000000 1.600000 1.000000 1.600000 0.142860
1.000000 0.384620 0.625000 1.000000 7.000000
1.000000 4.700000 7.000000 0.142860 1.000000

Matrix 43:
1.000000 1.000000 4.700000 0.212770 4.700000
1.000000 1.000000 0.142860 2.600000 1.000000
0.212770 7.000000 1.000000 7.000000 0.625000
4.700000 0.384620 0.142860 1.000000 0.625000
0.212770 1.000000 1.600000 1.600000 1.000000

Matrix 44:
1.000000 7.000000 0.212770 7.000000 0.142860
0.142860 1.000000 7.000000 4.700000 1.600000
4.700000 0.142860 1.000000 1.600000 0.384620
0.142860 0.212770 0.625000 1.000000 7.000000
7.000000 0.625000 2.600000 0.142860 1.000000

Matrix 45:
1.000000 1.000000 1.000000 0.212770 0.384620
1.000000 1.000000 7.000000 7.000000 0.212770
1.000000 0.142860 1.000000 0.625000 2.600000
4.700000 0.142860 1.600000 1.000000 1.000000
2.600000 4.700000 0.384620 1.000000 1.000000

Matrix 46:
1.000000 7.000000 7.000000 4.700000 1.600000
0.142860 1.000000 1.000000 0.384620 0.212770
0.142860 1.000000 1.000000 4.700000 0.384620
0.212770 2.600000 0.212770 1.000000 0.212770
0.625000 4.700000 2.600000 4.700000 1.000000

Matrix 47:
1.000000 4.700000 0.142860 0.212770 0.625000
0.212770 1.000000 4.700000 1.000000 4.700000
7.000000 0.212770 1.000000 1.000000 1.000000
4.700000 1.000000 1.000000 1.000000 1.000000
1.600000 0.212770 1.000000 1.000000 1.000000

Matrix 48:
1.000000 0.625000 0.625000 1.600000 1.000000
1.600000 1.000000 0.625000 0.212770 1.600000
1.600000 1.600000 1.000000 0.625000 1.600000
0.625000 4.700000 1.600000 1.000000 1.000000
1.000000 0.625000 0.625000 1.000000 1.000000

Matrix 49:
1.000000 7.000000 2.600000 7.000000 0.384620
0.142860 1.000000 7.000000 0.384620 0.142860
0.384620 0.142860 1.000000 0.212770 0.625000
0.142860 2.600000 4.700000 1.000000 0.212770
2.600000 7.000000 1.600000 4.700000 1.000000

Matrix 50:
1.000000 7.000000 4.700000 1.000000 0.142860
0.142860 1.000000 0.142860 0.625000 7.000000
0.212770 7.000000 1.000000 0.142860 0.142860
1.000000 1.600000 7.000000 1.000000 2.600000
7.000000 0.142860 7.000000 0.384620 1.000000

Matrix 51:
1.000000 0.384620 7.000000 2.600000 0.625000
2.600000 1.000000 1.000000 1.000000 0.384620
0.142860 1.000000 1.000000 0.384620 1.000000
0.384620 1.000000 2.600000 1.000000 1.000000
1.600000 2.600000 1.000000 1.000000 1.000000

Matrix 52:
1.000000 0.212770 4.700000 0.142860 0.142860
4.700000 1.000000 0.212770 1.600000 1.000000
0.212770 4.700000 1.000000 2.600000 0.384620
7.000000 0.625000 0.384620 1.000000 0.625000
7.000000 1.000000 2.600000 1.600000 1.000000

Matrix 53:
1.000000 2.600000 4.700000 1.600000 7.000000
0.384620 1.000000 0.384620 1.000000 0.625000
0.212770 2.600000 1.000000 0.625000 1.000000
0.625000 1.000000 1.600000 1.000000 1.000000
0.142860 1.600000 1.000000 1.000000 1.000000

Matrix 54:
1.000000 7.000000 2.600000 1.000000 4.700000
0.142860 1.000000 1.000000 7.000000 4.700000
0.384620 1.000000 1.000000 4.700000 7.000000
1.000000 0.142860 0.212770 1.000000 7.000000
0.212770 0.212770 0.142860 0.142860 1.000000

Matrix 55:
1.000000 1.000000 0.625000 1.000000 1.000000
1.000000 1.000000 1.000000 1.000000 0.142860
1.600000 1.000000 1.000000 0.142860 0.142860
1.000000 1.000000 7.000000 1.000000 2.600000
1.000000 7.000000 7.000000 0.384620 1.000000

Matrix 56:
1.000000 1.600000 2.600000 0.625000 1.000000
0.625000 1.000000 1.000000 1.000000 1.000000
0.384620 1.000000 1.000000 7.000000 1.600000
1.600000 1.000000 0.142860 1.000000 1.600000
1.000000 1.000000 0.625000 0.625000 1.000000

Matrix 57:
1.000000 2.600000 0.384620 0.212770 0.142860
0.384620 1.000000 1.000000 0.212770 1.000000
2.600000 1.000000 1.000000 1.000000 2.600000
4.700000 4.700000 1.000000 1.000000 1.000000
7.000000 1.000000 0.384620 1.000000 1.000000

Matrix 58:
1.000000 0.142860 0.384620 1.000000 0.142860
7.000000 1.000000 1.000000 1.000000 7.000000
2.600000 1.000000 1.000000 0.142860 1.000000
1.000000 1.000000 7.000000 1.000000 0.384620
7.000000 0.142860 1.000000 2.600000 1.000000

Matrix 59:
1.000000 4.700000 4.700000 4.700000 0.142860
0.212770 1.000000 7.000000 7.000000 2.600000
0.212770 0.142860 1.000000 1.600000 1.600000
0.212770 0.142860 0.625000 1.000000 0.212770
7.000000 0.384620 0.625000 4.700000 1.000000

Matrix 60:
1.000000 2.600000 7.000000 0.625000 2.600000
0.384620 1.000000 0.142860 2.600000 0.384620
0.142860 7.000000 1.000000 1.600000 1.000000
1.600000 0.384620 0.625000 1.000000 2.600000
0.384620 2.600000 1.000000 0.384620 1.000000

Matrix 61:
1.000000 0.212770 7.000000 1.000000 0.142860
4.700000 1.000000 1.000000 0.142860 0.212770
0.142860 1.000000 1.000000 0.625000 0.384620
1.000000 7.000000 1.600000 1.000000 1.000000
7.000000 4.700000 2.600000 1.000000 1.000000

Matrix 62:
1.000000 1.000000 0.212770 0.142860 1.000000
1.000000 1.000000 1.000000 0.142860 0.212770
4.700000 1.000000 1.000000 0.625000 1.600000
7.000000 7.000000 1.600000 1.000000 0.142860
1.000000 4.700000 0.625000 7.000000 1.000000

Matrix 63:
1.000000 4.700000 0.142860 1.000000 1.000000
0.212770 1.000000 4.700000 7.000000 4.700000
7.000000 0.212770 1.000000 1.000000 4.700000
1.000000 0.142860 1.000000 1.000000 0.142860
1.000000 0.212770 0.212770 7.000000 1.000000

Matrix 64:
1.000000 1.600000 1.600000 0.625000 4.700000
0.625000 1.000000 4.700000 0.625000 0.142860
0.625000 0.212770 1.000000 0.625000 0.384620
1.600000 1.600000 1.600000 1.000000 1.000000
0.212770 7.000000 2.600000 1.000000 1.000000

Matrix 65:
1.000000 7.000000 0.384620 1.600000 0.384620
0.142860 1.000000 4.700000 0.142860 1.000000
2.600000 0.212770 1.000000 0.212770 0.384620
0.625000 7.000000 4.700000 1.000000 1.000000
2.600000 1.000000 2.600000 1.000000 1.000000

Matrix 66:
1.000000 1.600000 7.000000 7.000000 0.212770
0.625000 1.000000 7.000000 7.000000 1.600000
0.142860 0.142860 1.000000 1.000000 4.700000
0.142860 0.142860 1.000000 1.000000 0.142860
4.700000 0.625000 0.212770 7.000000 1.000000

Matrix 67:
1.000000 1.600000 0.384620 0.142860 1.000000
0.625000 1.000000 1.000000 1.000000 1.600000
2.600000 1.000000 1.000000 0.625000 0.384620
7.000000 1.000000 1.600000 1.000000 0.212770
1.000000 0.625000 2.600000 4.700000 1.000000

Matrix 68:
1.000000 7.000000 0.384620 1.000000 4.700000
0.142860 1.000000 1.000000 1.600000 0.212770
2.600000 1.000000 1.000000 0.384620 1.000000
1.000000 0.625000 2.600000 1.000000 1.000000
0.212770 4.700000 1.000000 1.000000 1.000000

Matrix 69:
1.000000 4.700000 0.142860 1.600000 1.000000
0.212770 1.000000 0.625000 1.000000 0.212770
7.000000 1.600000 1.000000 1.600000 0.625000
0.625000 1.000000 0.625000 1.000000 4.700000
1.000000 4.700000 1.600000 0.212770 1.000000

Matrix 70:
1.000000 2.600000 0.212770 0.384620 0.625000
0.384620 1.000000 0.625000 2.600000 0.212770
4.700000 1.600000 1.000000 1.000000 0.212770
2.600000 0.384620 1.000000 1.000000 7.000000
1.600000 4.700000 4.700000 0.142860 1.000000

Matrix 71:
1.000000 1.000000 2.600000 1.000000 0.142860
1.000000 1.000000 2.600000 0.212770 4.700000
0.384620 0.384620 1.000000 0.625000 0.384620
1.000000 4.700000 1.600000 1.000000 0.625000
7.000000 0.212770 2.600000 1.600000 1.000000

Matrix 72:
1.000000 1.000000 4.700000 0.384620 7.000000
1.000000 1.000000 4.700000 0.212770 4.700000
0.212770 0.212770 1.000000 1.000000 0.142860
2.600000 4.700000 1.000000 1.000000 7.000000
0.142860 0.212770 7.000000 0.142860 1.000000

Matrix 73:
1.000000 0.142860 1.000000 2.600000 1.600000
7.000000 1.000000 0.384620 4.700000 1.000000
1.000000 2.600000 1.000000 1.600000 2.600000
0.384620 0.212770 0.625000 1.000000 4.700000
0.625000 1.000000 0.384620 0.212770 1.000000

Matrix 74:
1.000000 1.000000 0.142860 1.000000 0.384620
1.000000 1.000000 0.212770 7.000000 0.384620
7.000000 4.700000 1.000000 1.000000 1.000000
1.000000 0.142860 1.000000 1.000000 0.212770
2.600000 2.600000 1.000000 4.700000 1.000000

Matrix 75:
1.000000 0.384620 1.000000 1.000000 7.000000
2.600000 1.000000 0.384620 0.384620 0.384620
1.000000 2.600000 1.000000 0.384620 0.142860
1.000000 2.600000 2.600000 1.000000 0.384620
0.142860 2.600000 7.000000 2.600000 1.000000

Matrix 76:
1.000000 0.212770 0.384620 1.000000 7.000000
4.700000 1.000000 7.000000 1.000000 0.384620
2.600000 0.142860 1.000000 1.600000 0.212770
1.000000 1.000000 0.625000 1.000000 0.212770
0.142860 2.600000 4.700000 4.700000 1.000000

Matrix 77:
1.000000 1.600000 2.600000 2.600000 1.600000
0.625000 1.000000 0.142860 0.142860 0.212770
0.384620 7.000000 1.000000 2.600000 0.625000
0.384620 7.000000 0.384620 1.000000 2.600000
0.625000 4.700000 1.600000 0.384620 1.000000

Matrix 78:
1.000000 0.384620 0.142860 1.000000 1.000000
2.600000 1.000000 1.000000 7.000000 1.000000
7.000000 1.000000 1.000000 2.600000 7.000000
1.000000 0.142860 0.384620 1.000000 0.212770
1.000000 1.000000 0.142860 4.700000 1.000000

Matrix 79:
1.000000 1.000000 2.600000 2.600000 0.142860
1.000000 1.000000 1.000000 1.000000 0.212770
0.384620 1.000000 1.000000 1.600000 1.600000
0.384620 1.000000 0.625000 1.000000 1.000000
7.000000 4.700000 0.625000 1.000000 1.000000

Matrix 80:
1.000000 4.700000 2.600000 0.384620 7.000000
0.212770 1.000000 0.625000 1.600000 7.000000
0.384620 1.600000 1.000000 0.142860 1.000000
2.600000 0.625000 7.000000 1.000000 0.625000
0.142860 0.142860 1.000000 1.600000 1.000000

Matrix 81:
1.000000 0.384620 0.625000 4.700000 0.625000
2.600000 1.000000 1.000000 0.212770 0.212770
1.600000 1.000000 1.000000 1.600000 0.142860
0.212770 4.700000 0.625000 1.000000 7.000000
1.600000 4.700000 7.000000 0.142860 1.000000

Matrix 82:
1.000000 1.000000 0.384620 4.700000 4.700000
1.000000 1.000000 7.000000 0.384620 4.700000
2.600000 0.142860 1.000000 0.384620 1.000000
0.212770 2.600000 2.600000 1.000000 0.142860
0.212770 0.212770 1.000000 7.000000 1.000000

Matrix 83:
1.000000 1.000000 0.384620 0.625000 0.384620
1.000000 1.000000 1.600000 1.000000 0.625000
2.600000 0.625000 1.000000 7.000000 1.000000
1.600000 1.000000 0.142860 1.000000 4.700000
2.600000 1.600000 1.000000 0.212770 1.000000

Matrix 84:
1.000000 0.625000 7.000000 0.625000 0.384620
1.600000 1.000000 2.600000 0.384620 0.142860
0.142860 0.384620 1.000000 4.700000 7.000000
1.600000 2.600000 0.212770 1.000000 0.625000
2.600000 7.000000 0.142860 1.600000 1.000000

Matrix 85:
1.000000 0.142860 1.000000 0.625000 1.600000
7.000000 1.000000 0.212770 1.000000 0.212770
1.000000 4.700000 1.000000 4.700000 1.000000
1.600000 1.000000 0.212770 1.000000 7.000000
0.625000 4.700000 1.000000 0.142860 1.000000

Matrix 86:
1.000000 4.700000 1.600000 0.142860 7.000000
0.212770 1.000000 0.625000 1.000000 0.384620
0.625000 1.600000 1.000000 0.142860 1.000000
7.000000 1.000000 7.000000 1.000000 7.000000
0.142860 2.600000 1.000000 0.142860 1.000000

Matrix 87:
1.000000 0.212770 2.600000 2.600000 0.625000
4.700000 1.000000 1.000000 0.625000 0.384620
0.384620 1.000000 1.000000 0.142860 4.700000
0.384620 1.600000 7.000000 1.000000 1.000000
1.600000 2.600000 0.212770 1.000000 1.000000

Matrix 88:
1.000000 1.600000 0.212770 0.212770 4.700000
0.625000 1.000000 0.142860 7.000000 7.000000
4.700000 7.000000 1.000000 1.600000 1.000000
4.700000 0.142860 0.625000 1.000000 4.700000
0.212770 0.142860 1.000000 0.212770 1.000000

Matrix 89:
1.000000 1.000000 0.384620 7.000000 2.600000
1.000000 1.000000 2.600000 1.000000 2.600000
2.600000 0.384620 1.000000 0.212770 1.000000
0.142860 1.000000 4.700000 1.000000 4.700000
0.384620 0.384620 1.000000 0.212770 1.000000

Matrix 90:
1.000000 0.212770 1.600000 1.600000 1.600000
4.700000 1.000000 1.600000 0.625000 0.384620
0.625000 0.625000 1.000000 1.000000 4.700000
0.625000 1.600000 1.000000 1.000000 4.700000
0.625000 2.600000 0.212770 0.212770 1.000000

Matrix 91:
1.000000 0.142860 0.142860 0.625000 0.212770
7.000000 1.000000 2.600000 7.000000 2.600000
7.000000 0.384620 1.000000 4.700000 1.000000
1.600000 0.142860 0.212770 1.000000 1.600000
4.700000 0.384620 1.000000 0.625000 1.000000

Matrix 92:
1.000000 1.600000 0.142860 4.700000 7.000000
0.625000 1.000000 7.000000 1.000000 4.700000
7.000000 0.142860 1.000000 1.000000 0.384620
0.212770 1.000000 1.000000 1.000000 1.000000
0.142860 0.212770 2.600000 1.000000 1.000000

Matrix 93:
1.000000 1.000000 2.600000 4.700000 0.212770
1.000000 1.000000 7.000000 0.625000 2.600000
0.384620 0.142860 1.000000 7.000000 0.142860
0.212770 1.600000 0.142860 1.000000 1.000000
4.700000 0.384620 7.000000 1.000000 1.000000

Matrix 94:
1.000000 0.625000 7.000000 0.384620 0.142860
1.600000 1.000000 0.212770 0.212770 0.142860
0.142860 4.700000 1.000000 1.600000 2.600000
2.600000 4.700000 0.625000 1.000000 0.625000
7.000000 7.000000 0.384620 1.600000 1.000000

Matrix 95:
1.000000 1.000000 0.212770 2.600000 0.625000
1.000000 1.000000 1.600000 4.700000 4.700000
4.700000 0.625000 1.000000 7.000000 1.600000
0.384620 0.212770 0.142860 1.000000 1.000000
1.600000 0.212770 0.625000 1.000000 1.000000

Matrix 96:
1.000000 1.000000 0.384620 4.700000 7.000000
1.000000 1.000000 2.600000 0.212770 0.212770
2.600000 0.384620 1.000000 0.142860 0.142860
0.212770 4.700000 7.000000 1.000000 0.142860
0.142860 4.700000 7.000000 7.000000 1.000000

Matrix 97:
1.000000 4.700000 2.600000 0.625000 0.142860
0.212770 1.000000 7.000000 1.000000 7.000000
0.384620 0.142860 1.000000 1.600000 1.000000
1.600000 1.000000 0.625000 1.000000 4.700000
7.000000 0.142860 1.000000 0.212770 1.000000

Matrix 98:
1.000000 0.384620 0.625000 1.600000 0.212770
2.600000 1.000000 0.212770 0.625000 0.212770
1.600000 4.700000 1.000000 7.000000 0.212770
0.625000 1.600000 0.142860 1.000000 1.000000
4.700000 4.700000 4.700000 1.000000 1.000000

Matrix 99:
1.000000 0.625000 1.000000 0.142860 0.212770
1.600000 1.000000 1.000000 1.600000 1.600000
1.000000 1.000000 1.000000 4.700000 0.142860
7.000000 0.625000 0.212770 1.000000 0.212770
4.700000 0.625000 7.000000 4.700000 1.000000

Matrix 100:
1.000000 0.142860 1.000000 4.700000 0.212770
7.000000 1.000000 0.142860 1.000000 2.600000
1.000000 7.000000 1.000000 2.600000 1.000000
0.212770 1.000000 0.384620 1.000000 0.212770
4.700000 0.384620 1.000000 4.700000 1.000000

