Matrix 1:
1.000000 5.185616 2.463972 1.389678 1.919968 6.567107
0.192841 1.000000 5.057451 1.800279 6.853943 2.976793
0.405849 0.197728 1.000000 5.291371 1.143229 1.298537
0.719591 0.555469 0.188987 1.000000 2.942284 4.621192
0.520842 0.145901 0.874716 0.339872 1.000000 5.221979
0.152274 0.335932 0.770097 0.216394 0.191498 1.000000

Matrix 2:
1.000000 6.453428 2.455078 1.482007 3.461367 2.114866
0.154956 1.000000 4.842378 5.192271 6.841808 5.711244
0.407319 0.206510 1.000000 1.538032 6.952059 1.334366
0.674761 0.192594 0.650181 1.000000 1.066839 1.760827
0.288903 0.146160 0.143842 0.937348 1.000000 2.171020
0.472843 0.175093 0.749420 0.567915 0.460613 1.000000

Matrix 3:
1.000000 6.387756 4.489691 6.390505 3.617122 6.621036
0.156550 1.000000 6.576850 5.390045 3.157585 5.027978
0.222732 0.152048 1.000000 5.300470 3.576364 1.960742
0.156482 0.185527 0.188663 1.000000 3.618714 2.231430
0.276463 0.316698 0.279614 0.276341 1.000000 2.052230
0.151034 0.198887 0.510011 0.448143 0.487275 1.000000

Matrix 4:
1.000000 2.580690 5.229298 5.315189 3.874676 3.331322
0.387493 1.000000 6.225746 3.944858 5.934743 5.496182
0.191230 0.160623 1.000000 6.676474 3.137089 3.361273
0.188140 0.253495 0.149780 1.000000 3.045959 1.744356
0.258086 0.168499 0.318767 0.328304 1.000000 5.999181
0.300181 0.181944 0.297506 0.573278 0.166689 1.000000

Matrix 5:
1.000000 4.169725 3.205511 1.105092 1.845357 3.689251
0.239824 1.000000 3.855149 3.718957 4.455637 5.801726
0.311963 0.259393 1.000000 6.001003 6.793015 5.149943
0.904902 0.268893 0.166639 1.000000 6.383343 1.429678
0.541900 0.224435 0.147210 0.156658 1.000000 2.303123
0.271058 0.172362 0.194177 0.699458 0.434193 1.000000

Matrix 6:
1.000000 4.372254 3.403344 2.398996 4.499389 4.845001
0.228715 1.000000 4.388986 4.099537 5.481056 4.156230
0.293829 0.227843 1.000000 3.900522 3.433181 5.186503
0.416841 0.243930 0.256376 1.000000 2.417143 6.864423
0.222252 0.182447 0.291275 0.413712 1.000000 3.333405
0.206398 0.240603 0.192808 0.145679 0.299994 1.000000

Matrix 7:
1.000000 3.712433 3.839417 2.925480 2.568415 4.947462
0.269365 1.000000 4.006124 2.313679 2.987117 4.562300
0.260456 0.249618 1.000000 1.718771 1.337115 1.982419
0.341824 0.432212 0.581811 1.000000 6.983079 5.392073
0.389345 0.334771 0.747879 0.143203 1.000000 3.562035
0.202124 0.219188 0.504434 0.185457 0.280738 1.000000

Matrix 8:
1.000000 1.946294 4.906722 2.720401 3.006192 3.463580
0.513797 1.000000 2.148512 5.194551 2.308734 2.767748
0.203802 0.465438 1.000000 1.098166 5.308639 6.434647
0.367593 0.192509 0.910609 1.000000 1.149106 2.365717
0.332647 0.433138 0.188372 0.870242 1.000000 6.470933
0.288719 0.361305 0.155409 0.422705 0.154537 1.000000

Matrix 9:
1.000000 6.771084 2.844954 6.712224 3.049082 2.703521
0.147687 1.000000 1.533681 1.930777 5.129511 4.881948
0.351500 0.652026 1.000000 1.958564 4.026504 3.134149
0.148982 0.517926 0.510578 1.000000 3.650175 1.664667
0.327968 0.194950 0.248354 0.273959 1.000000 2.336458
0.369888 0.204836 0.319066 0.600721 0.427998 1.000000

Matrix 10:
1.000000 4.697817 1.590227 6.993120 1.895154 3.651797
0.212865 1.000000 6.356840 1.251008 5.894653 6.632936
0.628841 0.157311 1.000000 6.152927 1.832014 3.823112
0.142998 0.799355 0.162524 1.000000 3.934853 4.251572
0.527662 0.169645 0.545847 0.254139 1.000000 4.735788
0.273838 0.150763 0.261567 0.235207 0.211158 1.000000

Matrix 11:
1.000000 6.966773 2.442459 1.621642 5.262471 2.070071
0.143538 1.000000 2.827276 2.562477 4.292859 6.314176
0.409424 0.353697 1.000000 2.968930 5.517579 3.065456
0.616659 0.390247 0.336822 1.000000 2.913436 3.106203
0.190025 0.232945 0.181239 0.343237 1.000000 2.599774
0.483075 0.158374 0.326216 0.321936 0.384649 1.000000

Matrix 12:
1.000000 3.137846 5.086919 3.060123 4.653428 5.025383
0.318690 1.000000 3.260344 3.287328 5.447609 2.782493
0.196583 0.306716 1.000000 3.031722 3.444364 5.389657
0.326784 0.304198 0.329846 1.000000 3.645546 4.444097
0.214895 0.183567 0.290329 0.274307 1.000000 2.451665
0.198990 0.359390 0.185541 0.225018 0.407886 1.000000

Matrix 13:
1.000000 6.449143 3.521733 2.119975 6.620727 5.271780
0.155059 1.000000 5.984597 4.254761 3.336317 2.422018
0.283951 0.167096 1.000000 4.108114 6.152063 6.338811
0.471704 0.235031 0.243421 1.000000 3.923535 4.674738
0.151041 0.299732 0.162547 0.254872 1.000000 1.875140
0.189689 0.412879 0.157758 0.213916 0.533293 1.000000

Matrix 14:
1.000000 4.971417 4.104138 5.981927 4.560772 1.259358
0.201150 1.000000 1.378603 3.087608 5.225897 5.549631
0.243657 0.725372 1.000000 1.507179 5.206565 5.191093
0.167170 0.323875 0.663491 1.000000 6.808261 1.233747
0.219261 0.191355 0.192065 0.146880 1.000000 5.836705
0.794056 0.180192 0.192638 0.810539 0.171330 1.000000

Matrix 15:
1.000000 6.798223 2.856755 2.896074 3.568267 3.222129
0.147097 1.000000 1.497230 4.773794 4.687613 4.256660
0.350048 0.667900 1.000000 2.764060 6.173515 1.706692
0.345295 0.209477 0.361787 1.000000 3.662268 1.151290
0.280248 0.213328 0.161982 0.273055 1.000000 5.923429
0.310354 0.234926 0.585929 0.868591 0.168821 1.000000

Matrix 16:
1.000000 5.233172 2.317572 2.893463 4.651721 6.793542
0.191089 1.000000 6.516260 3.477669 1.743937 4.905448
0.431486 0.153462 1.000000 2.089857 3.520722 6.461836
0.345607 0.287549 0.478502 1.000000 6.109429 1.450428
0.214974 0.573415 0.284033 0.163681 1.000000 3.464637
0.147199 0.203855 0.154755 0.689452 0.288631 1.000000

Matrix 17:
1.000000 4.149401 1.949146 3.785142 3.355242 2.325731
0.240999 1.000000 6.641232 6.191699 6.113752 3.737299
0.513045 0.150574 1.000000 2.111418 5.285933 1.282660
0.264191 0.161507 0.473615 1.000000 5.046902 3.727373
0.298041 0.163566 0.189181 0.198141 1.000000 5.574589
0.429972 0.267573 0.779630 0.268285 0.179385 1.000000

Matrix 18:
1.000000 1.917321 1.673923 1.995694 2.951864 6.341437
0.521561 1.000000 5.971908 3.098468 2.372784 2.218289
0.597399 0.167451 1.000000 6.116166 5.233803 3.404638
0.501079 0.322740 0.163501 1.000000 6.951719 3.906847
0.338769 0.421446 0.191066 0.143849 1.000000 4.862368
0.157693 0.450798 0.293717 0.255961 0.205661 1.000000

Matrix 19:
1.000000 5.504458 6.301907 1.980366 4.996962 1.449637
0.181671 1.000000 4.785311 3.962325 6.020385 4.234830
0.158682 0.208973 1.000000 1.023521 5.520850 1.694755
0.504957 0.252377 0.977019 1.000000 5.200599 4.878815
0.200122 0.166102 0.181132 0.192286 1.000000 1.816893
0.689828 0.236137 0.590056 0.204968 0.550390 1.000000

Matrix 20:
1.000000 3.908752 2.383890 4.082888 1.327667 3.838353
0.255836 1.000000 1.578122 1.338886 5.403845 6.087319
0.419482 0.633665 1.000000 4.548147 5.907596 1.902405
0.244925 0.746890 0.219870 1.000000 5.536010 4.363972
0.753201 0.185053 0.169274 0.180635 1.000000 1.433936
0.260528 0.164276 0.525650 0.229149 0.697381 1.000000

Matrix 21:
1.000000 3.248441 1.370743 6.660481 4.870128 3.870950
0.307840 1.000000 1.688324 4.376326 3.081220 5.121644
0.729531 0.592303 1.000000 6.171392 5.977729 5.994221
0.150139 0.228502 0.162038 1.000000 1.211174 5.063883
0.205333 0.324547 0.167288 0.825645 1.000000 3.135260
0.258335 0.195250 0.166827 0.197477 0.318953 1.000000

Matrix 22:
1.000000 2.401288 5.364156 5.171918 3.615335 5.599338
0.416443 1.000000 4.685196 1.760139 2.676374 5.938041
0.186423 0.213438 1.000000 6.532639 2.612648 3.358794
0.193352 0.568137 0.153077 1.000000 1.507369 6.767797
0.276600 0.373640 0.382753 0.663407 1.000000 3.464666
0.178593 0.168406 0.297726 0.147759 0.288628 1.000000

Matrix 23:
1.000000 2.234916 6.038430 3.383979 6.164811 2.291935
0.447444 1.000000 4.731545 4.940839 4.217658 3.614979
0.165606 0.211347 1.000000 3.162614 1.486853 1.304669
0.295510 0.202395 0.316194 1.000000 2.907619 4.957206
0.162211 0.237098 0.672561 0.343924 1.000000 3.941312
0.436312 0.276627 0.766478 0.201727 0.253723 1.000000

Matrix 24:
1.000000 5.255672 2.640753 5.606505 4.966773 4.084673
0.190271 1.000000 4.171865 2.521639 3.906874 4.237014
0.378680 0.239701 1.000000 2.320320 5.225036 5.047142
0.178364 0.396567 0.430975 1.000000 3.872516 5.933072
0.201338 0.255959 0.191386 0.258230 1.000000 1.640569
0.244818 0.236015 0.198132 0.168547 0.609545 1.000000

Matrix 25:
1.000000 2.018398 1.218531 6.552372 4.082273 6.950096
0.495442 1.000000 3.869806 5.217270 4.458554 6.015260
0.820660 0.258411 1.000000 3.132027 1.347274 4.960397
0.152616 0.191671 0.319282 1.000000 5.336364 3.307981
0.244962 0.224288 0.742240 0.187394 1.000000 6.068937
0.143883 0.166244 0.201597 0.302299 0.164774 1.000000

Matrix 26:
1.000000 1.773411 5.716902 4.832377 6.201565 1.515246
0.563885 1.000000 5.536571 6.106381 3.653515 5.556784
0.174920 0.180617 1.000000 3.772276 3.820678 6.748966
0.206938 0.163763 0.265092 1.000000 6.225617 1.009013
0.161250 0.273709 0.261734 0.160627 1.000000 1.525628
0.659959 0.179960 0.148171 0.991068 0.655468 1.000000

Matrix 27:
1.000000 6.546139 6.377877 3.582555 1.868922 4.272460
0.152762 1.000000 1.438146 5.875021 5.714697 4.151397
0.156792 0.695340 1.000000 1.186415 1.019170 5.575251
0.279130 0.170212 0.842875 1.000000 4.452328 4.898236
0.535068 0.174987 0.981191 0.224602 1.000000 6.129698
0.234057 0.240883 0.179364 0.204155 0.163140 1.000000

Matrix 28:
1.000000 1.009771 1.432008 1.486612 4.671169 3.126466
0.990323 1.000000 2.277267 1.046313 6.101573 4.319822
0.698320 0.439123 1.000000 2.371802 1.265082 4.002714
0.672670 0.955737 0.421620 1.000000 5.377300 4.332617
0.214079 0.163892 0.790462 0.185967 1.000000 6.805689
0.319850 0.231491 0.249830 0.230807 0.146936 1.000000

Matrix 29:
1.000000 1.517198 1.875449 5.844063 5.487245 4.997808
0.659110 1.000000 5.904416 6.383926 4.138285 5.448383
0.533206 0.169365 1.000000 4.041359 2.616386 2.330636
0.171114 0.156643 0.247442 1.000000 1.163525 5.289645
0.182241 0.241646 0.382207 0.859457 1.000000 1.548379
0.200088 0.183541 0.429067 0.189049 0.645837 1.000000

Matrix 30:
1.000000 4.032977 5.614986 2.723482 1.260550 3.340447
0.247956 1.000000 1.281209 6.654989 6.130977 2.305354
0.178095 0.780513 1.000000 4.640091 1.311225 1.479660
0.367177 0.150263 0.215513 1.000000 6.891952 2.286693
0.793304 0.163106 0.762646 0.145097 1.000000 2.880932
0.299361 0.433773 0.675831 0.437313 0.347110 1.000000

Matrix 31:
1.000000 6.512988 1.605916 3.029533 4.860073 5.247483
0.153539 1.000000 4.177064 4.174231 1.235901 6.309838
0.622698 0.239403 1.000000 5.534757 2.493362 5.214834
0.330084 0.239565 0.180676 1.000000 4.686467 3.052403
0.205758 0.809126 0.401065 0.213380 1.000000 3.434114
0.190568 0.158483 0.191761 0.327611 0.291196 1.000000

Matrix 32:
1.000000 1.325449 4.276728 2.451487 2.951138 1.455848
0.754461 1.000000 2.267892 3.572024 4.209937 3.842046
0.233824 0.440938 1.000000 4.268574 5.177179 6.075478
0.407916 0.279953 0.234270 1.000000 6.079693 5.246195
0.338852 0.237533 0.193155 0.164482 1.000000 1.188068
0.686885 0.260278 0.164596 0.190614 0.841703 1.000000

Matrix 33:
1.000000 6.939473 2.296494 4.075296 3.974507 6.490967
0.144103 1.000000 6.977416 3.900547 1.481623 1.246219
0.435446 0.143320 1.000000 5.826291 4.379156 5.168132
0.245381 0.256374 0.171636 1.000000 4.180362 6.534702
0.251604 0.674936 0.228355 0.239214 1.000000 5.086038
0.154060 0.802427 0.193494 0.153029 0.196617 1.000000

Matrix 34:
1.000000 5.828042 6.093541 1.090759 6.345699 1.136938
0.171584 1.000000 3.119779 6.510865 6.105811 2.069348
0.164108 0.320536 1.000000 5.907377 2.979007 1.868172
0.916793 0.153589 0.169280 1.000000 5.590028 1.576563
0.157587 0.163778 0.335682 0.178890 1.000000 1.744052
0.879556 0.483244 0.535283 0.634291 0.573377 1.000000

Matrix 35:
1.000000 3.334013 4.040483 1.441620 6.579138 2.543899
0.299939 1.000000 3.310023 3.572298 1.474897 4.328514
0.247495 0.302113 1.000000 5.074097 3.034793 5.956034
0.693664 0.279932 0.197079 1.000000 3.928197 2.821680
0.151996 0.678014 0.329512 0.254570 1.000000 4.005513
0.393097 0.231026 0.167897 0.354399 0.249656 1.000000

Matrix 36:
1.000000 5.537144 3.355819 2.367035 1.326623 1.661358
0.180599 1.000000 5.573311 5.996193 3.123713 4.625951
0.297990 0.179427 1.000000 6.035688 1.854181 5.822452
0.422469 0.166772 0.165681 1.000000 1.498189 4.184431
0.753794 0.320132 0.539322 0.667473 1.000000 2.180766
0.601917 0.216172 0.171749 0.238981 0.458555 1.000000

Matrix 37:
1.000000 5.846308 3.369021 1.149646 4.067285 4.633048
0.171048 1.000000 1.563467 4.300330 1.204247 2.743478
0.296822 0.639604 1.000000 2.449028 3.741914 5.664235
0.869833 0.232540 0.408325 1.000000 5.721281 1.799198
0.245864 0.830395 0.267243 0.174786 1.000000 4.334501
0.215841 0.364501 0.176546 0.555803 0.230707 1.000000

Matrix 38:
1.000000 2.480898 6.248543 3.207790 2.827301 5.430482
0.403080 1.000000 6.328303 4.680021 3.971019 5.482155
0.160037 0.158020 1.000000 2.122593 5.509704 1.695908
0.311741 0.213674 0.471122 1.000000 4.709194 1.404721
0.353694 0.251825 0.181498 0.212351 1.000000 1.043323
0.184146 0.182410 0.589654 0.711885 0.958476 1.000000

Matrix 39:
1.000000 5.999751 2.679232 3.478197 3.881801 5.492521
0.166674 1.000000 2.092827 2.125978 1.294010 1.344593
0.373241 0.477823 1.000000 5.884404 4.141213 3.501650
0.287505 0.470372 0.169941 1.000000 2.383186 3.806820
0.257612 0.772792 0.241475 0.419606 1.000000 2.248705
0.182066 0.743720 0.285580 0.262686 0.444700 1.000000

Matrix 40:
1.000000 3.488793 4.403945 1.497693 5.924235 3.718268
0.286632 1.000000 1.756770 4.136758 1.960667 6.765360
0.227069 0.569226 1.000000 1.474236 4.915095 1.398483
0.667694 0.241735 0.678317 1.000000 2.068064 4.368296
0.168798 0.510031 0.203455 0.483544 1.000000 2.183826
0.268942 0.147812 0.715061 0.228922 0.457912 1.000000

Matrix 41:
1.000000 6.837842 3.071014 4.951611 6.809890 4.358819
0.146245 1.000000 3.030066 3.167768 2.260454 2.307895
0.325625 0.330026 1.000000 2.574115 5.304628 1.896734
0.201954 0.315680 0.388483 1.000000 1.582185 1.157644
0.146845 0.442389 0.188515 0.632037 1.000000 1.234941
0.229420 0.433295 0.527222 0.863823 0.809755 1.000000

Matrix 42:
1.000000 4.400341 5.975021 3.818004 2.038778 2.293472
0.227255 1.000000 2.528481 3.982535 2.559713 2.105686
0.167363 0.395494 1.000000 5.079727 6.638245 2.202049
0.261917 0.251096 0.196861 1.000000 5.024240 6.495061
0.490490 0.390669 0.150642 0.199035 1.000000 5.817684
0.436020 0.474905 0.454123 0.153963 0.171890 1.000000

Matrix 43:
1.000000 3.161581 1.353640 2.034467 1.785477 3.259467
0.316297 1.000000 4.615975 4.995254 5.544266 4.661333
0.738749 0.216639 1.000000 1.147120 5.337209 5.983692
0.491529 0.200190 0.871748 1.000000 6.120417 2.163689
0.560075 0.180367 0.187364 0.163388 1.000000 1.827578
0.306799 0.214531 0.167121 0.462174 0.547172 1.000000

Matrix 44:
1.000000 5.325553 4.887382 5.168207 6.748763 4.521015
0.187774 1.000000 5.251588 2.111598 2.837267 6.501838
0.204609 0.190419 1.000000 5.083896 3.022004 4.857062
0.193491 0.473575 0.196700 1.000000 1.411259 1.554064
0.148175 0.352452 0.330906 0.708587 1.000000 2.626973
0.221189 0.153803 0.205886 0.643474 0.380666 1.000000

Matrix 45:
1.000000 4.590439 6.756031 6.018401 4.223481 6.542740
0.217844 1.000000 4.680010 4.033071 5.362844 2.432378
0.148016 0.213675 1.000000 3.841180 5.384530 6.625450
0.166157 0.247950 0.260337 1.000000 3.397944 3.083392
0.236772 0.186468 0.185717 0.294296 1.000000 4.067650
0.152841 0.411120 0.150933 0.324318 0.245842 1.000000

Matrix 46:
1.000000 3.259059 2.939179 5.165729 4.027258 6.985060
0.306837 1.000000 1.256141 6.485574 5.080027 5.365113
0.340231 0.796089 1.000000 6.588387 5.980993 3.161898
0.193584 0.154188 0.151782 1.000000 3.920990 4.020515
0.248308 0.196849 0.167196 0.255038 1.000000 2.181190
0.143163 0.186389 0.316266 0.248724 0.458465 1.000000

Matrix 47:
1.000000 2.046658 3.886084 2.267480 5.661415 3.144241
0.488601 1.000000 4.458272 2.501884 3.312232 3.017054
0.257328 0.224302 1.000000 6.806128 1.212456 1.572915
0.441018 0.399699 0.146926 1.000000 2.042866 1.895099
0.176634 0.301911 0.824772 0.489508 1.000000 3.312155
0.318042 0.331449 0.635762 0.527677 0.301918 1.000000

Matrix 48:
1.000000 3.720327 4.373199 3.119751 6.736388 3.911669
0.268794 1.000000 5.670451 3.374504 4.554795 5.972848
0.228666 0.176353 1.000000 4.730727 1.936385 4.130386
0.320538 0.296340 0.211384 1.000000 6.421900 2.849161
0.148447 0.219549 0.516426 0.155717 1.000000 5.408186
0.255645 0.167424 0.242108 0.350981 0.184905 1.000000

Matrix 49:
1.000000 4.967355 6.861648 3.975099 1.803138 4.917895
0.201314 1.000000 5.260366 1.375132 5.457047 1.129314
0.145738 0.190101 1.000000 2.873216 4.813224 5.515569
0.251566 0.727203 0.348042 1.000000 3.643394 4.556049
0.554589 0.183249 0.207761 0.274469 1.000000 6.423117
0.203339 0.885493 0.181305 0.219488 0.155688 1.000000

Matrix 50:
1.000000 1.836744 1.849827 5.776563 3.995736 6.640518
0.544442 1.000000 4.842695 2.118679 5.324788 3.073270
0.540591 0.206497 1.000000 4.650230 2.080641 1.794414
0.173113 0.471992 0.215043 1.000000 2.805303 4.175073
0.250267 0.187801 0.480621 0.356468 1.000000 5.594955
0.150591 0.325386 0.557285 0.239517 0.178732 1.000000

Matrix 51:
1.000000 6.361167 3.190701 1.120858 1.384293 6.488970
0.157204 1.000000 2.381460 2.254537 1.789763 2.366753
0.313411 0.419911 1.000000 4.847348 6.750493 1.147082
0.892174 0.443550 0.206298 1.000000 6.075956 5.702147
0.722391 0.558733 0.148137 0.164583 1.000000 6.695388
0.154108 0.422520 0.871777 0.175373 0.149357 1.000000

Matrix 52:
1.000000 4.871907 6.968989 1.409845 5.167443 4.215035
0.205258 1.000000 5.076909 5.013806 6.630357 2.796611
0.143493 0.196970 1.000000 5.551944 5.578795 4.881163
0.709298 0.199449 0.180117 1.000000 3.170795 1.722250
0.193519 0.150821 0.179250 0.315378 1.000000 2.847835
0.237246 0.357576 0.204869 0.580636 0.351144 1.000000

Matrix 53:
1.000000 4.668772 2.385345 6.947758 5.076916 2.536161
0.214189 1.000000 5.092427 6.165473 2.165748 1.811515
0.419227 0.196370 1.000000 3.283438 3.637948 5.099870
0.143931 0.162194 0.304559 1.000000 3.475851 2.265540
0.196970 0.461734 0.274880 0.287699 1.000000 4.812803
0.394297 0.552024 0.196083 0.441396 0.207779 1.000000

Matrix 54:
1.000000 6.419546 6.473251 3.514249 3.662126 6.195674
0.155774 1.000000 1.052660 1.566103 4.859197 5.041417
0.154482 0.949974 1.000000 5.252023 3.703284 1.889461
0.284556 0.638528 0.190403 1.000000 1.610021 5.812617
0.273065 0.205795 0.270031 0.621110 1.000000 2.840982
0.161403 0.198357 0.529251 0.172040 0.351991 1.000000

Matrix 55:
1.000000 1.609453 1.514342 4.661863 3.133478 5.106969
0.621329 1.000000 6.666539 3.201525 6.759344 1.508181
0.660353 0.150003 1.000000 4.879221 4.325488 4.191529
0.214507 0.312351 0.204951 1.000000 2.266069 2.827544
0.319134 0.147943 0.231188 0.441293 1.000000 6.527561
0.195811 0.663050 0.238576 0.353664 0.153197 1.000000

Matrix 56:
1.000000 1.417631 2.662030 5.715716 1.701002 2.850092
0.705402 1.000000 4.058416 1.953149 2.424064 6.956923
0.375653 0.246402 1.000000 3.805031 3.259270 5.519269
0.174956 0.511994 0.262810 1.000000 1.897866 1.975279
0.587889 0.412530 0.306817 0.526908 1.000000 2.425178
0.350866 0.143742 0.181183 0.506258 0.412341 1.000000

Matrix 57:
1.000000 2.708745 2.375434 6.601688 3.442420 2.911589
0.369175 1.000000 3.578872 6.671214 4.314699 4.609234
0.420976 0.279418 1.000000 4.556097 2.466077 3.240534
0.151476 0.149898 0.219486 1.000000 3.565142 5.217416
0.290493 0.231766 0.405502 0.280494 1.000000 5.740717
0.343455 0.216956 0.308591 0.191666 0.174194 1.000000

Matrix 58:
1.000000 1.900350 4.111427 4.058124 4.953249 2.934038
0.526219 1.000000 3.820863 2.853788 3.060413 3.241084
0.243225 0.261721 1.000000 2.575689 6.212564 6.092244
0.246419 0.350411 0.388246 1.000000 1.569843 5.657787
0.201888 0.326753 0.160964 0.637006 1.000000 3.867491
0.340827 0.308539 0.164143 0.176748 0.258566 1.000000

Matrix 59:
1.000000 4.533501 3.055968 4.896841 5.857278 3.953401
0.220580 1.000000 3.886133 3.164892 5.661639 1.632303
0.327229 0.257325 1.000000 6.418906 4.151159 4.584833
0.204213 0.315967 0.155790 1.000000 1.724917 1.499864
0.170728 0.176627 0.240897 0.579738 1.000000 1.046935
0.252947 0.612631 0.218110 0.666727 0.955169 1.000000

Matrix 60:
1.000000 6.235738 6.229764 2.277345 1.472322 2.062922
0.160366 1.000000 4.924131 3.392193 4.777059 1.357420
0.160520 0.203082 1.000000 3.778369 5.305940 5.513910
0.439108 0.294795 0.264664 1.000000 2.763412 6.718599
0.679199 0.209334 0.188468 0.361872 1.000000 3.402083
0.484749 0.736691 0.181360 0.148841 0.293938 1.000000

Matrix 61:
1.000000 1.532726 2.489828 3.394413 1.240595 2.557910
0.652433 1.000000 5.668668 1.778705 2.326347 3.991163
0.401634 0.176408 1.000000 5.377997 1.512813 5.225190
0.294602 0.562207 0.185943 1.000000 3.287723 5.695365
0.806065 0.429858 0.661020 0.304162 1.000000 1.997075
0.390944 0.250554 0.191381 0.175581 0.500732 1.000000

Matrix 62:
1.000000 3.434280 1.614520 1.397522 2.611233 4.726448
0.291182 1.000000 5.570870 1.173218 6.557472 6.534989
0.619379 0.179505 1.000000 4.147398 6.862407 5.865743
0.715552 0.852357 0.241115 1.000000 3.368724 2.989351
0.382961 0.152498 0.145721 0.296848 1.000000 2.366928
0.211575 0.153022 0.170481 0.334521 0.422489 1.000000

Matrix 63:
1.000000 5.825300 4.706445 5.366390 6.794144 6.769553
0.171665 1.000000 4.776670 2.070295 6.480614 5.800087
0.212475 0.209351 1.000000 5.285492 5.502547 3.806650
0.186345 0.483023 0.189197 1.000000 1.057687 5.270859
0.147186 0.154306 0.181734 0.945459 1.000000 3.454576
0.147720 0.172411 0.262698 0.189722 0.289471 1.000000

Matrix 64:
1.000000 6.473959 4.396887 4.321191 6.910668 4.819250
0.154465 1.000000 4.915111 1.996124 3.493994 2.715042
0.227434 0.203454 1.000000 5.799011 4.282168 4.650897
0.231418 0.500971 0.172443 1.000000 3.960487 6.973072
0.144704 0.286205 0.233527 0.252494 1.000000 1.633398
0.207501 0.368318 0.215012 0.143409 0.612221 1.000000

Matrix 65:
1.000000 5.200946 4.778118 1.956439 5.620203 3.455820
0.192273 1.000000 3.164709 5.334353 3.155691 6.907098
0.209287 0.315985 1.000000 4.482038 1.207909 3.047138
0.511133 0.187464 0.223113 1.000000 6.916907 5.597202
0.177930 0.316888 0.827877 0.144573 1.000000 5.994642
0.289367 0.144779 0.328177 0.178661 0.166816 1.000000

Matrix 66:
1.000000 4.044810 6.524161 3.141269 6.714430 1.151700
0.247230 1.000000 6.184060 1.097256 2.908266 3.759151
0.153276 0.161706 1.000000 3.717739 4.143080 4.699209
0.318343 0.911364 0.268981 1.000000 5.490851 6.393496
0.148933 0.343848 0.241366 0.182121 1.000000 4.002590
0.868282 0.266018 0.212802 0.156409 0.249838 1.000000

Matrix 67:
1.000000 4.484025 4.873371 5.419396 3.122321 6.722085
0.223014 1.000000 1.418286 5.315003 6.480571 5.440955
0.205197 0.705077 1.000000 4.270914 5.042650 3.266275
0.184522 0.188147 0.234142 1.000000 2.520343 1.028018
0.320275 0.154307 0.198308 0.396771 1.000000 4.742941
0.148763 0.183791 0.306159 0.972746 0.210840 1.000000

Matrix 68:
1.000000 4.703612 2.404790 6.772216 5.688238 1.549170
0.212603 1.000000 5.143489 2.567996 1.501075 4.165463
0.415837 0.194421 1.000000 4.359437 2.835676 4.941404
0.147662 0.389409 0.229387 1.000000 3.344073 4.361489
0.175801 0.666189 0.352650 0.299037 1.000000 4.136722
0.645507 0.240069 0.202372 0.229280 0.241737 1.000000

Matrix 69:
1.000000 3.029665 3.893957 5.971440 6.695036 3.275832
0.330070 1.000000 6.897991 6.655198 3.774302 4.795556
0.256808 0.144970 1.000000 4.771702 5.114474 3.387753
0.167464 0.150258 0.209569 1.000000 6.227257 1.433739
0.149364 0.264950 0.195524 0.160584 1.000000 3.165606
0.305266 0.208526 0.295181 0.697477 0.315895 1.000000

Matrix 70:
1.000000 2.121624 6.502918 1.487378 6.159180 5.504113
0.471337 1.000000 1.029727 4.513064 4.285102 3.654074
0.153777 0.971131 1.000000 2.128510 1.942740 5.433034
0.672324 0.221579 0.469812 1.000000 5.065607 4.518471
0.162359 0.233367 0.514737 0.197410 1.000000 6.912528
0.181682 0.273667 0.184059 0.221314 0.144665 1.000000

Matrix 71:
1.000000 1.698927 4.423909 1.054799 5.928871 2.851933
0.588607 1.000000 5.870393 4.978250 6.026493 3.122282
0.226044 0.170346 1.000000 2.533750 5.421897 5.518007
0.948048 0.200874 0.394672 1.000000 2.110402 6.639585
0.168666 0.165934 0.184437 0.473843 1.000000 5.926829
0.350639 0.320279 0.181225 0.150612 0.168724 1.000000

Matrix 72:
1.000000 2.789751 4.803946 1.223894 6.558672 6.295486
0.358455 1.000000 6.605154 1.697581 6.186934 5.641738
0.208162 0.151397 1.000000 5.221163 4.530440 4.865037
0.817064 0.589074 0.191528 1.000000 3.847387 1.303959
0.152470 0.161631 0.220729 0.259917 1.000000 6.385004
0.158844 0.177250 0.205548 0.766895 0.156617 1.000000

Matrix 73:
1.000000 4.910134 2.901950 1.129212 3.538270 5.277619
0.203660 1.000000 3.461319 1.127326 4.543956 1.231007
0.344596 0.288907 1.000000 6.178670 5.997716 4.427453
0.885573 0.887055 0.161847 1.000000 3.587669 2.219917
0.282624 0.220073 0.166730 0.278733 1.000000 2.424280
0.189479 0.812343 0.225863 0.450467 0.412494 1.000000

Matrix 74:
1.000000 2.625000 2.651868 3.132492 5.635518 4.375740
0.380952 1.000000 6.282323 2.018083 3.005747 1.845385
0.377093 0.159177 1.000000 5.740945 2.969615 2.015480
0.319235 0.495520 0.174187 1.000000 2.689304 4.778787
0.177446 0.332696 0.336744 0.371843 1.000000 6.210753
0.228533 0.541892 0.496160 0.209258 0.161011 1.000000

Matrix 75:
1.000000 2.602142 1.398526 4.689260 4.846073 2.339857
0.384299 1.000000 4.088844 3.830082 2.666927 1.834941
0.715038 0.244568 1.000000 5.057466 1.833007 4.453103
0.213253 0.261091 0.197727 1.000000 1.893473 1.556126
0.206353 0.374963 0.545552 0.528130 1.000000 5.357369
0.427377 0.544977 0.224563 0.642621 0.186659 1.000000

Matrix 76:
1.000000 5.846125 1.266271 4.229281 6.982273 5.102741
0.171053 1.000000 2.067138 4.769963 5.162173 1.963402
0.789721 0.483761 1.000000 3.453623 4.074490 3.978493
0.236447 0.209645 0.289551 1.000000 3.716534 2.566081
0.143220 0.193717 0.245430 0.269068 1.000000 5.295397
0.195973 0.509320 0.251351 0.389699 0.188843 1.000000

Matrix 77:
1.000000 1.000644 3.891684 6.730658 6.949623 4.246934
0.999357 1.000000 1.533232 4.431417 2.278624 6.111435
0.256958 0.652217 1.000000 4.546505 5.175650 6.000981
0.148574 0.225661 0.219949 1.000000 6.758725 2.745236
0.143893 0.438861 0.193212 0.147957 1.000000 6.118834
0.235464 0.163628 0.166639 0.364267 0.163430 1.000000

Matrix 78:
1.000000 5.606797 2.847549 3.339728 3.128702 4.096118
0.178355 1.000000 1.925099 1.416072 6.209352 2.287740
0.351179 0.519454 1.000000 5.354520 2.232037 6.718102
0.299426 0.706179 0.186758 1.000000 2.119839 3.197055
0.319621 0.161047 0.448021 0.471734 1.000000 5.979637
0.244134 0.437113 0.148852 0.312788 0.167234 1.000000

Matrix 79:
1.000000 3.227607 1.650286 4.150662 2.451265 3.855811
0.309827 1.000000 2.923071 2.890157 1.416624 2.841520
0.605956 0.342106 1.000000 6.752848 6.375346 2.714875
0.240925 0.346002 0.148086 1.000000 6.490119 4.468919
0.407953 0.705904 0.156854 0.154080 1.000000 4.632735
0.259349 0.351924 0.368341 0.223768 0.215855 1.000000

Matrix 80:
1.000000 3.872528 4.829936 1.786351 5.127215 2.645592
0.258229 1.000000 3.920472 6.851620 4.768229 5.461923
0.207042 0.255071 1.000000 4.048238 3.149118 4.129847
0.559800 0.145951 0.247021 1.000000 2.099560 3.187565
0.195038 0.209721 0.317549 0.476290 1.000000 3.886334
0.377987 0.183086 0.242140 0.313719 0.257312 1.000000

Matrix 81:
1.000000 2.822021 3.431215 5.754021 3.787185 1.884503
0.354356 1.000000 4.754108 3.223364 1.179072 3.062531
0.291442 0.210344 1.000000 3.359841 2.330333 6.094977
0.173792 0.310235 0.297633 1.000000 3.004116 3.951148
0.264048 0.848125 0.429123 0.332877 1.000000 1.052993
0.530644 0.326527 0.164070 0.253091 0.949674 1.000000

Matrix 82:
1.000000 2.152005 5.875848 2.888116 5.764758 6.833237
0.464683 1.000000 1.941935 1.047287 5.272064 3.785728
0.170188 0.514950 1.000000 4.536212 6.770230 1.788128
0.346246 0.954848 0.220448 1.000000 6.882382 6.074982
0.173468 0.189679 0.147705 0.145299 1.000000 4.455717
0.146344 0.264150 0.559244 0.164610 0.224431 1.000000

Matrix 83:
1.000000 2.024052 2.558309 6.648427 5.965537 2.595278
0.494058 1.000000 4.270318 1.806926 5.908276 1.868087
0.390883 0.234175 1.000000 3.262338 3.150549 5.538000
0.150412 0.553426 0.306529 1.000000 4.369535 1.263840
0.167630 0.169254 0.317405 0.228857 1.000000 3.223954
0.385315 0.535307 0.180571 0.791239 0.310178 1.000000

Matrix 84:
1.000000 5.761993 4.253764 4.641281 6.553121 2.893896
0.173551 1.000000 3.864004 1.890885 2.631109 3.268284
0.235086 0.258799 1.000000 2.803218 5.905519 2.453733
0.215458 0.528853 0.356733 1.000000 5.065221 6.385782
0.152599 0.380068 0.169333 0.197425 1.000000 2.792680
0.345555 0.305971 0.407542 0.156598 0.358079 1.000000

Matrix 85:
1.000000 6.766366 1.869707 4.484232 2.746050 3.806997
0.147790 1.000000 5.897147 2.148045 2.708119 1.222872
0.534843 0.169574 1.000000 2.265882 5.945779 6.927973
0.223004 0.465540 0.441329 1.000000 2.496942 2.212914
0.364159 0.369260 0.168187 0.400490 1.000000 3.014186
0.262674 0.817747 0.144342 0.451893 0.331764 1.000000

Matrix 86:
1.000000 1.332322 1.516039 6.665336 3.230901 2.701058
0.750570 1.000000 4.445333 2.665777 3.523159 5.172520
0.659614 0.224955 1.000000 6.624237 2.837825 5.073695
0.150030 0.375125 0.150961 1.000000 2.176196 3.300346
0.309511 0.283836 0.352383 0.459517 1.000000 2.429973
0.370225 0.193329 0.197095 0.302999 0.411527 1.000000

Matrix 87:
1.000000 4.327958 3.085910 6.326121 6.856471 6.929167
0.231056 1.000000 1.696488 1.016291 6.865563 2.504383
0.324054 0.589453 1.000000 6.569554 5.305942 5.994170
0.158075 0.983970 0.152217 1.000000 3.967986 4.957937
0.145848 0.145654 0.188468 0.252017 1.000000 2.046565
0.144317 0.399300 0.166829 0.201697 0.488624 1.000000

Matrix 88:
1.000000 1.092436 3.679503 5.685032 6.535651 5.835939
0.915385 1.000000 5.329970 1.038629 3.672295 1.777916
0.271776 0.187618 1.000000 6.545886 3.159683 4.690581
0.175901 0.962807 0.152768 1.000000 6.953496 4.366221
0.153007 0.272309 0.316487 0.143813 1.000000 1.592278
0.171352 0.562456 0.213193 0.229031 0.628031 1.000000

Matrix 89:
1.000000 4.709434 1.594774 6.600182 2.063742 6.553981
0.212340 1.000000 3.756185 4.752736 5.279098 5.637079
0.627048 0.266228 1.000000 4.822682 4.423541 3.817217
0.151511 0.210405 0.207354 1.000000 5.819551 3.048129
0.484557 0.189426 0.226063 0.171835 1.000000 6.651013
0.152579 0.177397 0.261971 0.328070 0.150353 1.000000

Matrix 90:
1.000000 6.994556 2.491196 3.136190 6.485305 3.947873
0.142968 1.000000 1.432082 2.808021 2.397700 6.173460
0.401414 0.698284 1.000000 1.247959 2.181429 3.191991
0.318858 0.356123 0.801308 1.000000 2.061288 3.692523
0.154195 0.417066 0.458415 0.485134 1.000000 4.739053
0.253301 0.161984 0.313284 0.270818 0.211013 1.000000

Matrix 91:
1.000000 2.081034 2.888679 4.447805 1.491004 5.678627
0.480530 1.000000 4.713079 4.636197 2.199044 6.649036
0.346179 0.212176 1.000000 2.887762 4.227844 4.774964
0.224830 0.215694 0.346289 1.000000 1.808352 1.328220
0.670689 0.454743 0.236527 0.552990 1.000000 3.083893
0.176099 0.150398 0.209426 0.752888 0.324265 1.000000

Matrix 92:
1.000000 6.695929 4.102800 2.364529 2.562824 2.221381
0.149344 1.000000 1.368187 1.877535 6.096918 4.108114
0.243736 0.730894 1.000000 1.906047 3.141062 4.695365
0.422917 0.532613 0.524646 1.000000 3.633721 5.321770
0.390195 0.164017 0.318364 0.275200 1.000000 4.207698
0.450170 0.243421 0.212976 0.187907 0.237660 1.000000

Matrix 93:
1.000000 6.960411 6.439623 5.135447 4.255655 3.348464
0.143670 1.000000 5.650060 5.293751 1.309489 3.639295
0.155289 0.176989 1.000000 4.469624 1.587301 2.845536
0.194725 0.188902 0.223732 1.000000 4.099003 2.747741
0.234981 0.763657 0.630000 0.243962 1.000000 4.616874
0.298644 0.274779 0.351428 0.363935 0.216597 1.000000

Matrix 94:
1.000000 2.098825 3.825201 4.444863 2.479116 2.215635
0.476457 1.000000 2.205572 2.710616 5.304006 4.010122
0.261424 0.453397 1.000000 2.150522 3.997948 4.528774
0.224979 0.368920 0.465003 1.000000 2.949778 3.577077
0.403370 0.188537 0.250128 0.339009 1.000000 2.021109
0.451338 0.249369 0.220810 0.279558 0.494778 1.000000

Matrix 95:
1.000000 3.698195 4.546528 4.242571 5.488786 1.420607
0.270402 1.000000 3.693152 2.609095 2.007893 1.147777
0.219948 0.270771 1.000000 1.435645 5.748087 3.427399
0.235706 0.383275 0.696551 1.000000 2.866049 3.172424
0.182190 0.498035 0.173971 0.348912 1.000000 1.090152
0.703924 0.871250 0.291766 0.315216 0.917303 1.000000

Matrix 96:
1.000000 4.849478 3.894454 3.683093 3.220177 1.081296
0.206208 1.000000 6.268334 1.544403 1.729283 3.184332
0.256775 0.159532 1.000000 6.016354 3.551904 2.385583
0.271511 0.647500 0.166214 1.000000 2.547619 5.317888
0.310542 0.578274 0.281539 0.392523 1.000000 6.027875
0.924816 0.314038 0.419185 0.188045 0.165896 1.000000

Matrix 97:
1.000000 4.693592 6.267813 3.753507 6.305785 6.315801
0.213056 1.000000 4.210614 3.644414 6.475835 6.748820
0.159545 0.237495 1.000000 4.477804 4.491535 1.666602
0.266417 0.274393 0.223324 1.000000 1.668614 5.367326
0.158585 0.154420 0.222641 0.599300 1.000000 2.586890
0.158333 0.148174 0.600023 0.186313 0.386564 1.000000

Matrix 98:
1.000000 2.797524 2.163761 5.034939 5.838544 1.648382
0.357459 1.000000 6.568936 2.529709 4.123448 4.605343
0.462158 0.152232 1.000000 5.111376 4.907214 3.644172
0.198612 0.395302 0.195642 1.000000 6.994887 1.777825
0.171276 0.242515 0.203782 0.142962 1.000000 1.806402
0.606655 0.217139 0.274411 0.562485 0.553587 1.000000

Matrix 99:
1.000000 3.550136 5.848831 5.209865 2.540206 4.076378
0.281679 1.000000 4.295871 4.450990 1.424815 3.632653
0.170974 0.232782 1.000000 3.813329 3.598044 4.292055
0.191944 0.224669 0.262238 1.000000 3.952493 4.557773
0.393669 0.701846 0.277929 0.253005 1.000000 4.385240
0.245316 0.275281 0.232989 0.219405 0.228038 1.000000

Matrix 100:
1.000000 1.832116 3.775869 6.081655 1.081858 4.095159
0.545817 1.000000 2.718548 5.949689 3.347613 1.871712
0.264840 0.367843 1.000000 4.781055 1.578836 6.801921
0.164429 0.168076 0.209159 1.000000 6.072529 3.985346
0.924335 0.298720 0.633378 0.164676 1.000000 3.469371
0.244191 0.534270 0.147017 0.250919 0.288237 1.000000

