Matrix 1:
1.000000 5.776733 6.500150
0.173108 1.000000 5.769250
0.153843 0.173333 1.000000

Matrix 2:
1.000000 5.822088 5.000461
0.171760 1.000000 4.807504
0.199982 0.208008 1.000000

Matrix 3:
1.000000 3.426769 6.135994
0.291820 1.000000 1.780719
0.162973 0.561571 1.000000

Matrix 4:
1.000000 6.387208 2.620998
0.156563 1.000000 2.324990
0.381534 0.430109 1.000000

Matrix 5:
1.000000 3.799117 2.763920
0.263219 1.000000 1.292628
0.361805 0.773618 1.000000

Matrix 6:
1.000000 5.965702 5.758531
0.167625 1.000000 3.188175
0.173655 0.313659 1.000000

Matrix 7:
1.000000 4.957189 3.139797
0.201727 1.000000 4.654877
0.318492 0.214828 1.000000

Matrix 8:
1.000000 5.310593 3.281174
0.188303 1.000000 2.327061
0.304769 0.429727 1.000000

Matrix 9:
1.000000 3.433759 6.435216
0.291226 1.000000 6.529929
0.155395 0.153141 1.000000

Matrix 10:
1.000000 3.726589 6.346265
0.268342 1.000000 2.462146
0.157573 0.406150 1.000000

Matrix 11:
1.000000 5.755112 4.802905
0.173759 1.000000 6.392914
0.208207 0.156423 1.000000

Matrix 12:
1.000000 1.172255 1.546662
0.853057 1.000000 2.118697
0.646554 0.471988 1.000000

Matrix 13:
1.000000 6.771592 2.222727
0.147676 1.000000 5.374244
0.449898 0.186073 1.000000

Matrix 14:
1.000000 1.119505 4.644992
0.893252 1.000000 2.133628
0.215286 0.468685 1.000000

Matrix 15:
1.000000 5.983242 5.910902
0.167133 1.000000 4.023091
0.169179 0.248565 1.000000

Matrix 16:
1.000000 4.087624 5.181160
0.244641 1.000000 1.508657
0.193007 0.662841 1.000000

Matrix 17:
1.000000 4.426587 2.345466
0.225908 1.000000 1.138981
0.426355 0.877978 1.000000

Matrix 18:
1.000000 6.260186 2.203374
0.159740 1.000000 2.344670
0.453849 0.426499 1.000000

Matrix 19:
1.000000 2.119830 6.860147
0.471736 1.000000 5.224730
0.145769 0.191397 1.000000

Matrix 20:
1.000000 1.960322 6.503475
0.510120 1.000000 4.347409
0.153764 0.230022 1.000000

Matrix 21:
1.000000 4.220720 4.646154
0.236926 1.000000 4.627814
0.215232 0.216085 1.000000

Matrix 22:
1.000000 4.849835 1.943177
0.206193 1.000000 1.034594
0.514621 0.966562 1.000000

Matrix 23:
1.000000 4.459830 5.190041
0.224224 1.000000 1.168191
0.192677 0.856025 1.000000

Matrix 24:
1.000000 2.401174 6.027835
0.416463 1.000000 3.944646
0.165897 0.253508 1.000000

Matrix 25:
1.000000 3.021737 3.788066
0.330936 1.000000 1.358670
0.263987 0.736014 1.000000

Matrix 26:
1.000000 1.514068 5.448487
0.660472 1.000000 1.977654
0.183537 0.505650 1.000000

Matrix 27:
1.000000 4.441953 4.996172
0.225126 1.000000 2.793380
0.200153 0.357989 1.000000

Matrix 28:
1.000000 6.799604 5.219411
0.147067 1.000000 6.141769
0.191593 0.162820 1.000000

Matrix 29:
1.000000 1.281561 6.815798
0.780299 1.000000 6.162615
0.146718 0.162269 1.000000

Matrix 30:
1.000000 5.355751 1.626709
0.186715 1.000000 1.074223
0.614738 0.930906 1.000000

Matrix 31:
1.000000 3.600577 3.517107
0.277733 1.000000 5.062497
0.284325 0.197531 1.000000

Matrix 32:
1.000000 1.142503 4.906046
0.875271 1.000000 2.413117
0.203830 0.414402 1.000000

Matrix 33:
1.000000 3.942636 2.947275
0.253637 1.000000 1.136438
0.339296 0.879943 1.000000

Matrix 34:
1.000000 4.442883 4.412735
0.225079 1.000000 6.166477
0.226617 0.162167 1.000000

Matrix 35:
1.000000 5.052186 6.585342
0.197934 1.000000 6.577197
0.151852 0.152040 1.000000

Matrix 36:
1.000000 1.157325 4.174288
0.864062 1.000000 3.944841
0.239562 0.253496 1.000000

Matrix 37:
1.000000 5.827948 5.469140
0.171587 1.000000 5.529876
0.182844 0.180836 1.000000

Matrix 38:
1.000000 3.522906 2.739187
0.283857 1.000000 4.599653
0.365072 0.217408 1.000000

Matrix 39:
1.000000 2.530376 6.695474
0.395198 1.000000 5.087522
0.149355 0.196559 1.000000

Matrix 40:
1.000000 5.109951 6.521501
0.195697 1.000000 4.218033
0.153339 0.237077 1.000000

Matrix 41:
1.000000 2.871406 4.387907
0.348261 1.000000 2.882955
0.227899 0.346866 1.000000

Matrix 42:
1.000000 5.567778 5.725011
0.179605 1.000000 5.946998
0.174672 0.168152 1.000000

Matrix 43:
1.000000 1.565356 1.132734
0.638832 1.000000 5.099403
0.882820 0.196101 1.000000

Matrix 44:
1.000000 2.777618 2.237442
0.360021 1.000000 4.933817
0.446939 0.202683 1.000000

Matrix 45:
1.000000 3.254708 2.818333
0.307247 1.000000 1.779314
0.354820 0.562014 1.000000

Matrix 46:
1.000000 3.199694 2.085617
0.312530 1.000000 4.983580
0.479474 0.200659 1.000000

Matrix 47:
1.000000 6.235780 5.457571
0.160365 1.000000 4.989338
0.183232 0.200427 1.000000

Matrix 48:
1.000000 1.325550 3.172407
0.754404 1.000000 6.668892
0.315218 0.149950 1.000000

Matrix 49:
1.000000 1.071200 3.752094
0.933533 1.000000 2.695229
0.266518 0.371026 1.000000

Matrix 50:
1.000000 5.972872 3.475403
0.167424 1.000000 5.160523
0.287736 0.193779 1.000000

Matrix 51:
1.000000 2.917995 4.246343
0.342701 1.000000 2.721796
0.235497 0.367404 1.000000

Matrix 52:
1.000000 1.732405 2.295757
0.577232 1.000000 2.166412
0.435586 0.461593 1.000000

Matrix 53:
1.000000 4.959099 1.676587
0.201650 1.000000 3.911959
0.596450 0.255626 1.000000

Matrix 54:
1.000000 1.325507 4.989824
0.754428 1.000000 1.122041
0.200408 0.891233 1.000000

Matrix 55:
1.000000 3.018821 3.823943
0.331255 1.000000 3.851804
0.261510 0.259619 1.000000

Matrix 56:
1.000000 1.138344 4.267078
0.878469 1.000000 6.587928
0.234352 0.151793 1.000000

Matrix 57:
1.000000 4.491339 4.142783
0.222651 1.000000 5.461358
0.241384 0.183105 1.000000

Matrix 58:
1.000000 5.604556 1.067446
0.178426 1.000000 1.802228
0.936815 0.554869 1.000000

Matrix 59:
1.000000 1.713094 6.649486
0.583739 1.000000 3.022392
0.150388 0.330864 1.000000

Matrix 60:
1.000000 1.982289 5.173936
0.504467 1.000000 1.738163
0.193276 0.575320 1.000000

Matrix 61:
1.000000 1.329316 3.381761
0.752267 1.000000 1.283755
0.295704 0.778965 1.000000

Matrix 62:
1.000000 6.994844 1.890884
0.142962 1.000000 4.494161
0.528853 0.222511 1.000000

Matrix 63:
1.000000 5.387145 4.457886
0.185627 1.000000 2.949282
0.224322 0.339066 1.000000

Matrix 64:
1.000000 2.951067 6.267862
0.338860 1.000000 2.763859
0.159544 0.361813 1.000000

Matrix 65:
1.000000 5.542499 6.452834
0.180424 1.000000 3.012747
0.154971 0.331923 1.000000

Matrix 66:
1.000000 2.697989 5.581993
0.370646 1.000000 4.232076
0.179147 0.236291 1.000000

Matrix 67:
1.000000 1.996192 6.314672
0.500954 1.000000 4.398810
0.158361 0.227334 1.000000

Matrix 68:
1.000000 1.519045 3.849231
0.658309 1.000000 6.858858
0.259792 0.145797 1.000000

Matrix 69:
1.000000 5.076950 2.187918
0.196969 1.000000 3.107817
0.457055 0.321769 1.000000

Matrix 70:
1.000000 1.482747 2.089983
0.674424 1.000000 3.770739
0.478473 0.265200 1.000000

Matrix 71:
1.000000 4.967472 1.756647
0.201310 1.000000 4.713630
0.569266 0.212151 1.000000

Matrix 72:
1.000000 5.075857 4.569795
0.197011 1.000000 6.701566
0.218828 0.149219 1.000000

Matrix 73:
1.000000 6.925810 5.083064
0.144387 1.000000 2.798903
0.196732 0.357283 1.000000

Matrix 74:
1.000000 2.537239 4.103215
0.394129 1.000000 3.043790
0.243711 0.328538 1.000000

Matrix 75:
1.000000 3.649964 5.417185
0.273975 1.000000 4.957882
0.184598 0.201699 1.000000

Matrix 76:
1.000000 3.416170 4.518024
0.292725 1.000000 5.482004
0.221336 0.182415 1.000000

Matrix 77:
1.000000 5.720836 3.863335
0.174800 1.000000 2.304270
0.258844 0.433977 1.000000

Matrix 78:
1.000000 6.421811 1.650779
0.155719 1.000000 1.500935
0.605775 0.666251 1.000000

Matrix 79:
1.000000 4.945074 2.110589
0.202221 1.000000 4.920363
0.473801 0.203237 1.000000

Matrix 80:
1.000000 5.526706 2.342439
0.180940 1.000000 1.187412
0.426905 0.842168 1.000000

Matrix 81:
1.000000 6.118274 1.787782
0.163445 1.000000 4.096009
0.559352 0.244140 1.000000

Matrix 82:
1.000000 2.295177 2.495925
0.435696 1.000000 5.723811
0.400653 0.174709 1.000000

Matrix 83:
1.000000 2.085044 5.993576
0.479606 1.000000 4.599813
0.166845 0.217400 1.000000

Matrix 84:
1.000000 3.122748 4.483489
0.320231 1.000000 5.357443
0.223041 0.186656 1.000000

Matrix 85:
1.000000 1.608846 4.300065
0.621564 1.000000 5.584990
0.232555 0.179051 1.000000

Matrix 86:
1.000000 3.821458 2.391174
0.261680 1.000000 3.440371
0.418205 0.290666 1.000000

Matrix 87:
1.000000 1.573722 3.587815
0.635436 1.000000 3.440127
0.278721 0.290687 1.000000

Matrix 88:
1.000000 5.386928 4.402622
0.185635 1.000000 1.214207
0.227137 0.823583 1.000000

Matrix 89:
1.000000 6.942362 4.416341
0.144043 1.000000 5.256610
0.226432 0.190237 1.000000

Matrix 90:
1.000000 4.695171 1.784800
0.212985 1.000000 3.072206
0.560287 0.325499 1.000000

Matrix 91:
1.000000 1.767266 3.792314
0.565846 1.000000 1.795160
0.263691 0.557053 1.000000

Matrix 92:
1.000000 6.396077 5.144914
0.156346 1.000000 5.542944
0.194367 0.180410 1.000000

Matrix 93:
1.000000 1.364396 6.877489
0.732925 1.000000 1.246154
0.145402 0.802469 1.000000

Matrix 94:
1.000000 2.739266 1.721903
0.365061 1.000000 4.066859
0.580753 0.245890 1.000000

Matrix 95:
1.000000 3.550614 4.407943
0.281641 1.000000 3.267531
0.226863 0.306042 1.000000

Matrix 96:
1.000000 4.132782 2.443797
0.241968 1.000000 2.288817
0.409199 0.436907 1.000000

Matrix 97:
1.000000 3.028047 1.129361
0.330246 1.000000 4.620003
0.885457 0.216450 1.000000

Matrix 98:
1.000000 4.231380 1.975535
0.236330 1.000000 1.392768
0.506192 0.717995 1.000000

Matrix 99:
1.000000 5.856464 2.770730
0.170752 1.000000 6.334503
0.360916 0.157866 1.000000

Matrix 100:
1.000000 4.374550 3.437950
0.228595 1.000000 6.017531
0.290871 0.166181 1.000000

