Matrix 1:
1.000000 5.955847 6.624531 1.149532 6.220000 3.106534 6.642913
0.167902 1.000000 4.765163 6.155658 3.661095 2.001511 3.200302
0.150954 0.209856 1.000000 1.496956 5.018692 2.363323 2.443522
0.869919 0.162452 0.668022 1.000000 2.926439 4.715871 6.880867
0.160772 0.273142 0.199255 0.341712 1.000000 1.676625 2.010102
0.321902 0.499623 0.423133 0.212050 0.596436 1.000000 1.494909
0.150536 0.312471 0.409245 0.145331 0.497487 0.668937 1.000000

Matrix 2:
1.000000 5.357115 2.575541 4.281597 1.796703 5.374693 5.982540
0.186668 1.000000 1.675844 5.080177 4.937424 3.462634 6.342310
0.388268 0.596714 1.000000 6.320712 3.440119 4.422375 6.570573
0.233558 0.196844 0.158210 1.000000 4.712305 4.014644 3.581926
0.556575 0.202535 0.290688 0.212210 1.000000 5.250534 1.286124
0.186057 0.288797 0.226123 0.249088 0.190457 1.000000 3.971343
0.167153 0.157671 0.152194 0.279179 0.777530 0.251804 1.000000

Matrix 3:
1.000000 2.744134 5.062194 3.812390 2.367588 6.333807 3.532187
0.364414 1.000000 1.013411 5.383620 1.987907 3.452814 1.642488
0.197543 0.986766 1.000000 5.794013 2.421238 2.174637 3.753665
0.262303 0.185749 0.172592 1.000000 3.476283 2.116116 4.852330
0.422371 0.503042 0.413012 0.287664 1.000000 3.739411 4.664826
0.157883 0.289619 0.459847 0.472564 0.267422 1.000000 6.127487
0.283111 0.608832 0.266406 0.206087 0.214370 0.163199 1.000000

Matrix 4:
1.000000 1.417048 1.169254 1.079202 5.606309 4.699770 3.202916
0.705692 1.000000 6.254031 5.553925 3.257212 5.072212 5.671261
0.855246 0.159897 1.000000 4.580746 5.270550 4.040831 4.134417
0.926611 0.180053 0.218305 1.000000 4.613555 6.924269 3.910157
0.178370 0.307011 0.189734 0.216753 1.000000 6.331986 3.922432
0.212776 0.197153 0.247474 0.144420 0.157928 1.000000 6.750998
0.312215 0.176328 0.241872 0.255744 0.254944 0.148126 1.000000

Matrix 5:
1.000000 2.251639 4.352203 1.949798 4.860152 1.699089 3.094631
0.444121 1.000000 6.848933 3.884638 4.400357 2.777874 4.928723
0.229769 0.146008 1.000000 5.078488 2.273692 4.793813 4.436111
0.512874 0.257424 0.196909 1.000000 2.359012 6.247276 2.781795
0.205755 0.227254 0.439813 0.423906 1.000000 1.253504 1.288915
0.588551 0.359988 0.208602 0.160070 0.797764 1.000000 6.315704
0.323140 0.202892 0.225423 0.359480 0.775847 0.158335 1.000000

Matrix 6:
1.000000 5.492325 4.778968 1.890851 6.978478 5.059277 5.922464
0.182072 1.000000 5.604080 1.250061 4.183962 4.715478 2.990572
0.209250 0.178441 1.000000 2.165277 4.502041 1.936440 5.685982
0.528863 0.799961 0.461835 1.000000 3.581621 6.675665 2.184691
0.143298 0.239008 0.222121 0.279203 1.000000 4.088314 6.922373
0.197657 0.212068 0.516412 0.149798 0.244600 1.000000 2.896509
0.168849 0.334384 0.175871 0.457731 0.144459 0.345243 1.000000

Matrix 7:
1.000000 4.036737 2.138615 5.386484 5.085907 5.886050 1.277005
0.247725 1.000000 4.949058 6.280333 6.901378 1.217862 1.351360
0.467592 0.202059 1.000000 4.782876 5.882463 4.322457 4.162818
0.185650 0.159227 0.209079 1.000000 3.998213 2.017007 3.086960
0.196622 0.144899 0.169997 0.250112 1.000000 2.217647 3.717234
0.169893 0.821111 0.231350 0.495784 0.450928 1.000000 6.153240
0.783082 0.739995 0.240222 0.323943 0.269017 0.162516 1.000000

Matrix 8:
1.000000 2.657751 6.315061 2.545084 6.448794 5.944451 4.935107
0.376258 1.000000 3.823894 5.667675 6.916798 6.652578 2.760365
0.158352 0.261514 1.000000 2.753243 4.187735 2.874248 2.393276
0.392914 0.176439 0.363208 1.000000 5.401516 5.581105 5.402775
0.155068 0.144576 0.238793 0.185133 1.000000 5.825377 6.842180
0.168224 0.150318 0.347917 0.179176 0.171663 1.000000 1.970452
0.202630 0.362271 0.417837 0.185090 0.146152 0.507498 1.000000

Matrix 9:
1.000000 3.182713 4.687201 2.443826 1.381052 3.918334 4.143311
0.314197 1.000000 5.230034 3.330681 4.503810 2.868053 1.211546
0.213347 0.191203 1.000000 1.207680 1.738770 1.408095 3.199219
0.409194 0.300239 0.828034 1.000000 5.555670 5.241345 2.620943
0.724086 0.222034 0.575119 0.179996 1.000000 2.660662 5.583152
0.255211 0.348669 0.710179 0.190791 0.375846 1.000000 5.054419
0.241353 0.825391 0.312576 0.381542 0.179110 0.197847 1.000000

Matrix 10:
1.000000 4.533410 6.508537 3.613670 3.950113 6.044437 6.980173
0.220585 1.000000 6.741187 6.191645 5.828338 2.364261 6.844316
0.153644 0.148342 1.000000 3.593682 3.791248 2.846906 6.812788
0.276727 0.161508 0.278266 1.000000 3.607880 6.687948 3.496186
0.253157 0.171576 0.263765 0.277171 1.000000 6.081795 1.494555
0.165441 0.422965 0.351258 0.149523 0.164425 1.000000 3.792531
0.143263 0.146107 0.146783 0.286026 0.669096 0.263676 1.000000

Matrix 11:
1.000000 3.111054 6.232509 6.187947 3.189238 5.840345 1.964886
0.321434 1.000000 6.880013 1.504765 3.100750 5.350220 6.899905
0.160449 0.145349 1.000000 1.088884 2.692508 4.527488 3.743553
0.161604 0.664556 0.918371 1.000000 5.088871 2.872062 6.294470
0.313555 0.322503 0.371401 0.196507 1.000000 1.756456 2.054197
0.171223 0.186908 0.220873 0.348182 0.569328 1.000000 2.073933
0.508935 0.144930 0.267126 0.158870 0.486808 0.482176 1.000000

Matrix 12:
1.000000 5.756485 6.263280 3.784257 2.371264 4.297781 5.862328
0.173717 1.000000 3.955713 6.979390 6.302174 2.611932 5.588420
0.159661 0.252799 1.000000 2.007095 1.810298 2.875328 2.672401
0.264253 0.143279 0.498233 1.000000 1.056879 4.111930 2.656634
0.421716 0.158675 0.552395 0.946182 1.000000 4.518945 3.864811
0.232678 0.382858 0.347786 0.243195 0.221291 1.000000 1.423858
0.170581 0.178941 0.374195 0.376416 0.258745 0.702317 1.000000

Matrix 13:
1.000000 4.358909 2.097259 5.586255 3.712824 6.261627 2.660175
0.229415 1.000000 1.986643 4.423586 1.041147 5.298180 3.446940
0.476813 0.503362 1.000000 6.286345 6.045838 1.925158 3.839531
0.179011 0.226061 0.159075 1.000000 2.958223 4.436816 5.305086
0.269337 0.960479 0.165403 0.338041 1.000000 2.574723 4.902411
0.159703 0.188744 0.519438 0.225387 0.388391 1.000000 2.943559
0.375915 0.290112 0.260448 0.188498 0.203981 0.339725 1.000000

Matrix 14:
1.000000 6.609630 1.105671 6.357616 2.176643 1.001808 6.059280
0.151294 1.000000 6.525169 3.717110 2.163492 5.418216 6.366534
0.904428 0.153253 1.000000 3.695425 4.997449 3.888198 5.953367
0.157292 0.269026 0.270605 1.000000 4.166156 6.708237 6.710933
0.459423 0.462216 0.200102 0.240029 1.000000 4.430518 1.657474
0.998195 0.184563 0.257189 0.149070 0.225707 1.000000 6.134128
0.165036 0.157071 0.167972 0.149011 0.603328 0.163022 1.000000

Matrix 15:
1.000000 3.756687 1.103921 5.730345 5.774874 2.157748 4.263994
0.266192 1.000000 3.966319 2.249074 1.182079 5.990049 3.627483
0.905862 0.252123 1.000000 5.461377 4.742111 3.246416 6.201375
0.174510 0.444627 0.183104 1.000000 4.774023 2.426774 4.200491
0.173164 0.845967 0.210877 0.209467 1.000000 3.316400 6.983282
0.463446 0.166944 0.308032 0.412070 0.301532 1.000000 1.343961
0.234522 0.275673 0.161255 0.238067 0.143199 0.744069 1.000000

Matrix 16:
1.000000 4.080210 3.544763 6.645524 3.916045 2.398207 2.481331
0.245085 1.000000 4.779987 1.413813 1.632837 6.152650 1.835639
0.282106 0.209206 1.000000 4.908337 1.551550 6.800034 5.009384
0.150477 0.707307 0.203735 1.000000 4.538829 6.808319 2.269241
0.255360 0.612431 0.644517 0.220321 1.000000 5.069819 4.175313
0.416978 0.162532 0.147058 0.146879 0.197246 1.000000 2.176223
0.403010 0.544769 0.199625 0.440676 0.239503 0.459512 1.000000

Matrix 17:
1.000000 6.887570 6.831797 6.264393 4.663765 4.042380 2.797491
0.145189 1.000000 2.898526 2.045798 5.531178 5.500308 5.895319
0.146374 0.345003 1.000000 1.453429 6.151782 6.573697 4.043588
0.159632 0.488807 0.688028 1.000000 6.022410 4.815770 2.530045
0.214419 0.180793 0.162555 0.166046 1.000000 3.120916 5.789601
0.247379 0.181808 0.152121 0.207651 0.320419 1.000000 6.841491
0.357463 0.169626 0.247305 0.395250 0.172723 0.146167 1.000000

Matrix 18:
1.000000 3.125190 5.409275 2.650128 4.917244 2.457457 3.691312
0.319981 1.000000 1.277149 3.999571 4.062500 3.221459 6.812238
0.184868 0.782994 1.000000 1.980873 4.755467 4.199186 2.013366
0.377340 0.250027 0.504828 1.000000 6.821457 5.148913 6.270869
0.203366 0.246154 0.210284 0.146596 1.000000 2.761898 2.905162
0.406925 0.310418 0.238141 0.194216 0.362070 1.000000 3.370723
0.270906 0.146795 0.496681 0.159468 0.344215 0.296672 1.000000

Matrix 19:
1.000000 6.257271 3.093623 3.740608 1.121047 5.902502 1.827143
0.159814 1.000000 5.337247 4.561921 6.700714 6.585864 6.948890
0.323246 0.187363 1.000000 1.783076 5.356217 6.426910 1.404306
0.267336 0.219206 0.560829 1.000000 6.750423 5.186339 3.253574
0.892024 0.149238 0.186699 0.148139 1.000000 3.627575 2.152644
0.169420 0.151840 0.155596 0.192814 0.275666 1.000000 2.812106
0.547303 0.143908 0.712095 0.307354 0.464545 0.355605 1.000000

Matrix 20:
1.000000 5.663696 4.587416 4.965373 3.491269 3.119002 5.451597
0.176563 1.000000 1.683025 6.132996 6.644430 4.906838 1.541582
0.217988 0.594168 1.000000 3.383701 5.185820 3.257458 3.068294
0.201395 0.163052 0.295534 1.000000 1.814353 6.678494 5.535245
0.286429 0.150502 0.192834 0.551161 1.000000 6.891002 2.831806
0.320615 0.203797 0.306988 0.149734 0.145117 1.000000 1.513511
0.183433 0.648684 0.325914 0.180660 0.353132 0.660715 1.000000

Matrix 21:
1.000000 2.289119 3.047312 5.184088 4.412798 4.553721 2.465512
0.436849 1.000000 2.643775 1.519493 5.940970 2.965196 6.882442
0.328158 0.378247 1.000000 1.994462 1.999070 4.558942 3.146659
0.192898 0.658114 0.501388 1.000000 2.917912 3.262429 1.212706
0.226614 0.168323 0.500233 0.342711 1.000000 2.896680 3.324256
0.219601 0.337246 0.219349 0.306520 0.345223 1.000000 2.074653
0.405595 0.145297 0.317797 0.824602 0.300819 0.482008 1.000000

Matrix 22:
1.000000 3.855561 4.147234 6.307476 5.452820 3.516451 4.218581
0.259366 1.000000 2.714729 6.401416 4.772266 3.285640 3.537425
0.241125 0.368361 1.000000 6.596130 3.109964 1.190597 6.311919
0.158542 0.156215 0.151604 1.000000 4.416284 3.666942 4.804518
0.183391 0.209544 0.321547 0.226435 1.000000 6.552455 4.065505
0.284378 0.304355 0.839915 0.272707 0.152615 1.000000 5.174408
0.237047 0.282692 0.158430 0.208137 0.245972 0.193259 1.000000

Matrix 23:
1.000000 2.289907 2.816763 5.921760 5.636870 6.515565 6.147355
0.436699 1.000000 5.173815 6.190054 4.663906 2.188070 2.132979
0.355017 0.193281 1.000000 5.020388 1.703142 1.310827 3.690361
0.168869 0.161549 0.199188 1.000000 5.645754 3.939860 5.837503
0.177403 0.214413 0.587150 0.177124 1.000000 5.254916 6.478169
0.153479 0.457024 0.762877 0.253816 0.190298 1.000000 1.370488
0.162672 0.468828 0.270976 0.171306 0.154365 0.729667 1.000000

Matrix 24:
1.000000 2.694719 3.547038 6.569018 6.396328 6.258203 3.240159
0.371096 1.000000 5.093798 1.734289 2.391394 4.917697 1.283775
0.281925 0.196317 1.000000 2.103565 2.858566 2.076748 1.171030
0.152230 0.576605 0.475383 1.000000 2.842825 1.751275 5.686511
0.156340 0.418166 0.349826 0.351763 1.000000 5.261698 4.690663
0.159790 0.203347 0.481522 0.571012 0.190053 1.000000 2.494641
0.308627 0.778953 0.853949 0.175855 0.213189 0.400859 1.000000

Matrix 25:
1.000000 5.588497 5.150330 4.674244 4.735062 4.579674 4.298536
0.178939 1.000000 2.319752 6.847949 6.308166 5.814567 2.021964
0.194162 0.431081 1.000000 5.660778 1.822949 5.523550 6.743054
0.213938 0.146029 0.176654 1.000000 4.809526 6.455447 2.143164
0.211190 0.158525 0.548562 0.207921 1.000000 3.224245 3.945463
0.218356 0.171982 0.181043 0.154908 0.310150 1.000000 3.691908
0.232637 0.494569 0.148301 0.466600 0.253456 0.270863 1.000000

Matrix 26:
1.000000 4.039564 2.242430 1.282316 6.066930 2.723801 5.968683
0.247551 1.000000 4.994670 4.642040 6.969311 6.718095 4.360090
0.445945 0.200213 1.000000 5.161319 6.801989 2.823329 1.953103
0.779839 0.215423 0.193749 1.000000 3.470876 4.803146 4.156811
0.164828 0.143486 0.147016 0.288112 1.000000 4.217540 5.121210
0.367134 0.148852 0.354192 0.208197 0.237105 1.000000 2.407337
0.167541 0.229353 0.512006 0.240569 0.195266 0.415397 1.000000

Matrix 27:
1.000000 2.124107 4.997304 6.866986 4.213679 6.368370 1.630726
0.470786 1.000000 5.991818 5.918683 4.741519 2.943022 5.527512
0.200108 0.166894 1.000000 4.759523 2.815441 1.594489 2.765576
0.145624 0.168957 0.210105 1.000000 5.979911 1.329167 4.797250
0.237322 0.210903 0.355184 0.167227 1.000000 2.050216 2.336531
0.157026 0.339787 0.627160 0.752351 0.487754 1.000000 6.811496
0.613224 0.180913 0.361588 0.208453 0.427985 0.146811 1.000000

Matrix 28:
1.000000 1.537637 4.175121 4.304435 4.389704 3.742059 2.353916
0.650348 1.000000 1.256912 6.983000 1.563955 3.057522 5.412505
0.239514 0.795601 1.000000 3.995808 2.552945 2.452262 2.056597
0.232319 0.143205 0.250262 1.000000 1.763546 6.937241 5.094754
0.227806 0.639405 0.391704 0.567039 1.000000 2.243964 5.412158
0.267233 0.327062 0.407787 0.144150 0.445640 1.000000 3.680052
0.424824 0.184757 0.486240 0.196280 0.184769 0.271735 1.000000

Matrix 29:
1.000000 2.367654 4.326520 2.664905 2.656029 1.384719 5.296549
0.422359 1.000000 4.792168 3.517211 6.856673 6.427758 2.201524
0.231133 0.208674 1.000000 3.339317 3.032360 6.337733 1.152398
0.375248 0.284316 0.299462 1.000000 4.311620 5.895748 2.673725
0.376502 0.145843 0.329776 0.231931 1.000000 4.166883 3.990536
0.722168 0.155575 0.157785 0.169614 0.239988 1.000000 3.019067
0.188802 0.454231 0.867756 0.374010 0.250593 0.331228 1.000000

Matrix 30:
1.000000 4.054740 6.394911 4.342711 4.707937 6.080395 2.717156
0.246625 1.000000 2.183191 5.259512 2.008559 6.217438 5.506243
0.156374 0.458045 1.000000 4.988571 4.857614 6.732379 5.508300
0.230271 0.190132 0.200458 1.000000 6.254707 5.408805 3.994193
0.212407 0.497869 0.205862 0.159880 1.000000 4.551502 1.343658
0.164463 0.160838 0.148536 0.184884 0.219708 1.000000 1.129933
0.368032 0.181612 0.181544 0.250363 0.744237 0.885008 1.000000

Matrix 31:
1.000000 2.700212 2.414121 5.854456 1.665717 4.413055 2.154464
0.370341 1.000000 2.107338 2.460527 4.959004 2.356898 2.395759
0.414229 0.474532 1.000000 5.691818 4.090417 5.097974 5.101719
0.170810 0.406417 0.175691 1.000000 1.668485 6.057347 2.885789
0.600342 0.201653 0.244474 0.599346 1.000000 5.068487 4.324632
0.226600 0.424287 0.196156 0.165089 0.197298 1.000000 6.387248
0.464152 0.417404 0.196012 0.346526 0.231234 0.156562 1.000000

Matrix 32:
1.000000 1.328416 2.867974 4.552334 6.452664 1.667966 1.691021
0.752776 1.000000 1.585485 4.244674 5.621937 6.953217 5.737731
0.348678 0.630722 1.000000 2.196774 3.456642 2.100004 3.568483
0.219668 0.235589 0.455213 1.000000 5.412990 5.040321 2.073017
0.154975 0.177875 0.289298 0.184741 1.000000 4.981808 3.288839
0.599533 0.143818 0.476190 0.198400 0.200730 1.000000 1.806995
0.591359 0.174285 0.280231 0.482389 0.304059 0.553405 1.000000

Matrix 33:
1.000000 1.066596 3.062878 6.466760 6.139767 1.232614 6.773645
0.937562 1.000000 4.731280 6.553510 6.881981 3.379407 1.540758
0.326490 0.211359 1.000000 5.345966 2.193548 2.132794 2.513357
0.154637 0.152590 0.187057 1.000000 6.286078 3.947635 6.762979
0.162873 0.145307 0.455882 0.159082 1.000000 4.839546 2.155893
0.811284 0.295910 0.468869 0.253316 0.206631 1.000000 4.326720
0.147631 0.649031 0.397874 0.147864 0.463845 0.231122 1.000000

Matrix 34:
1.000000 4.281217 3.508692 4.006284 3.309849 4.289599 6.603865
0.233578 1.000000 6.257456 6.511783 3.794716 5.595127 6.349255
0.285006 0.159809 1.000000 3.766112 6.996408 3.432146 6.892113
0.249608 0.153568 0.265526 1.000000 5.033368 4.647146 4.387899
0.302129 0.263524 0.142930 0.198674 1.000000 5.528440 3.814354
0.233122 0.178727 0.291363 0.215186 0.180883 1.000000 6.291883
0.151426 0.157499 0.145093 0.227900 0.262168 0.158935 1.000000

Matrix 35:
1.000000 3.762796 1.192487 3.072283 1.278493 6.785602 1.613248
0.265760 1.000000 1.619320 6.238147 1.393333 5.426074 1.471840
0.838583 0.617543 1.000000 4.883692 1.484387 1.629652 3.693295
0.325491 0.160304 0.204763 1.000000 3.496693 4.838356 4.634062
0.782171 0.717703 0.673679 0.285984 1.000000 3.509786 2.433942
0.147371 0.184295 0.613628 0.206682 0.284918 1.000000 4.484265
0.619868 0.679422 0.270761 0.215793 0.410856 0.223002 1.000000

Matrix 36:
1.000000 4.347934 3.498676 2.099855 6.083732 1.593703 2.204076
0.229994 1.000000 1.899164 3.991678 6.799123 5.230258 4.273912
0.285822 0.526547 1.000000 3.297949 6.910971 3.872583 1.757821
0.476223 0.250521 0.303219 1.000000 1.711913 6.211080 6.256023
0.164373 0.147078 0.144697 0.584142 1.000000 4.240112 3.859995
0.627470 0.191195 0.258226 0.161003 0.235843 1.000000 4.944799
0.453705 0.233978 0.568886 0.159846 0.259068 0.202233 1.000000

Matrix 37:
1.000000 4.242445 1.244639 3.899107 5.770853 6.154564 5.052021
0.235713 1.000000 1.932561 6.701648 6.959991 2.494127 5.005731
0.803446 0.517448 1.000000 1.244644 6.372830 1.799481 1.243726
0.256469 0.149217 0.803443 1.000000 6.172357 1.927501 6.762592
0.173285 0.143678 0.156916 0.162013 1.000000 1.369825 4.028889
0.162481 0.400942 0.555716 0.518806 0.730021 1.000000 5.764948
0.197941 0.199771 0.804036 0.147872 0.248207 0.173462 1.000000

Matrix 38:
1.000000 4.257007 1.911512 2.937632 6.469890 2.502238 2.358697
0.234907 1.000000 1.800890 2.616334 3.092451 3.859035 5.055003
0.523146 0.555281 1.000000 3.616552 1.091065 1.973069 2.327965
0.340410 0.382214 0.276506 1.000000 4.397432 1.920371 3.915108
0.154562 0.323368 0.916536 0.227405 1.000000 6.492446 5.615713
0.399642 0.259132 0.506825 0.520733 0.154025 1.000000 1.955893
0.423963 0.197824 0.429560 0.255421 0.178072 0.511275 1.000000

Matrix 39:
1.000000 3.618278 2.468994 2.400130 5.058849 4.881360 1.655509
0.276375 1.000000 2.811801 2.169988 5.027052 1.426679 2.556426
0.405023 0.355644 1.000000 4.380346 5.530331 4.491998 2.492119
0.416644 0.460832 0.228292 1.000000 3.033695 5.264037 3.333875
0.197673 0.198924 0.180821 0.329631 1.000000 2.162534 4.778520
0.204861 0.700929 0.222618 0.189968 0.462421 1.000000 4.755407
0.604044 0.391171 0.401265 0.299951 0.209270 0.210287 1.000000

Matrix 40:
1.000000 4.524563 5.278949 2.796285 4.141718 2.736111 1.461224
0.221016 1.000000 6.955841 6.223675 6.274548 2.762880 1.819264
0.189432 0.143764 1.000000 1.630569 1.000383 5.335971 3.142992
0.357617 0.160677 0.613283 1.000000 5.149388 5.620460 2.192278
0.241446 0.159374 0.999618 0.194198 1.000000 2.892779 3.875324
0.365482 0.361941 0.187407 0.177921 0.345688 1.000000 1.048998
0.684358 0.549673 0.318168 0.456147 0.258043 0.953291 1.000000

Matrix 41:
1.000000 2.445351 4.234988 3.768716 4.893559 1.354752 2.871659
0.408939 1.000000 5.618081 3.450849 6.678322 2.008623 4.466808
0.236128 0.177997 1.000000 1.608548 1.701034 5.887746 4.410354
0.265342 0.289784 0.621679 1.000000 2.668317 6.482879 2.765520
0.204350 0.149738 0.587878 0.374768 1.000000 4.802940 1.897543
0.738142 0.497853 0.169844 0.154252 0.208206 1.000000 4.841880
0.348231 0.223873 0.226739 0.361596 0.526997 0.206531 1.000000

Matrix 42:
1.000000 2.718622 2.465048 2.789076 2.576857 6.793335 3.037033
0.367833 1.000000 1.919747 1.712100 1.656885 6.840779 3.024083
0.405672 0.520902 1.000000 5.939213 1.712624 2.941277 4.460212
0.358542 0.584078 0.168372 1.000000 2.715248 5.554568 4.277550
0.388070 0.603542 0.583899 0.368291 1.000000 1.744705 6.377999
0.147203 0.146182 0.339988 0.180032 0.573163 1.000000 5.772377
0.329269 0.330679 0.224205 0.233779 0.156789 0.173239 1.000000

Matrix 43:
1.000000 4.195226 2.428521 2.729245 6.351737 4.926684 4.520646
0.238366 1.000000 2.901917 3.359906 1.259898 2.468984 5.369470
0.411773 0.344600 1.000000 5.383343 6.680910 4.343435 6.060548
0.366402 0.297627 0.185758 1.000000 6.716921 6.986653 2.757529
0.157437 0.793715 0.149680 0.148878 1.000000 6.567203 3.533592
0.202976 0.405025 0.230233 0.143130 0.152272 1.000000 4.836206
0.221207 0.186238 0.165002 0.362643 0.282998 0.206774 1.000000

Matrix 44:
1.000000 4.995084 5.461188 1.949730 5.731777 3.862352 2.223401
0.200197 1.000000 1.283873 4.830978 6.763925 5.056276 5.641529
0.183110 0.778893 1.000000 3.506963 4.347020 4.251255 2.155111
0.512891 0.206997 0.285147 1.000000 2.636639 4.280106 6.373842
0.174466 0.147843 0.230043 0.379271 1.000000 5.667841 4.118219
0.258910 0.197774 0.235225 0.233639 0.176434 1.000000 3.359907
0.449761 0.177257 0.464013 0.156891 0.242823 0.297627 1.000000

Matrix 45:
1.000000 2.218684 2.167084 6.046895 4.560127 6.774724 4.298572
0.450718 1.000000 4.479584 5.164350 2.732426 1.122869 3.656207
0.461449 0.223235 1.000000 6.000472 3.192180 2.934689 3.390490
0.165374 0.193635 0.166654 1.000000 5.549119 3.109752 5.616052
0.219292 0.365975 0.313266 0.180209 1.000000 2.392530 3.908430
0.147607 0.890575 0.340752 0.321569 0.417968 1.000000 1.982961
0.232635 0.273508 0.294943 0.178061 0.255857 0.504296 1.000000

Matrix 46:
1.000000 5.436492 4.537868 4.145818 3.596908 3.476770 6.840592
0.183942 1.000000 3.115288 2.183704 1.300731 2.339798 3.779671
0.220368 0.320998 1.000000 1.176225 3.445700 2.620218 1.057645
0.241207 0.457937 0.850178 1.000000 5.394476 2.102670 5.972141
0.278017 0.768798 0.290217 0.185375 1.000000 2.721239 6.036061
0.287623 0.427387 0.381648 0.475586 0.367480 1.000000 6.973800
0.146186 0.264573 0.945497 0.167444 0.165671 0.143394 1.000000

Matrix 47:
1.000000 3.906265 4.285459 2.453171 5.525188 5.326380 3.892449
0.255999 1.000000 1.972340 5.370457 6.958554 3.450638 6.027004
0.233347 0.507012 1.000000 6.850181 5.036923 2.854590 3.196962
0.407636 0.186204 0.145982 1.000000 3.710420 3.302638 4.910452
0.180989 0.143708 0.198534 0.269511 1.000000 6.029031 1.287148
0.187745 0.289801 0.350313 0.302788 0.165864 1.000000 3.177107
0.256908 0.165920 0.312797 0.203647 0.776912 0.314752 1.000000

Matrix 48:
1.000000 1.173439 3.517439 1.481186 5.817791 4.940160 1.694950
0.852196 1.000000 6.074970 1.947605 6.185007 6.172488 1.980400
0.284298 0.164610 1.000000 6.653338 2.741679 3.052004 1.082849
0.675135 0.513451 0.150300 1.000000 4.266729 5.673195 5.986456
0.171887 0.161681 0.364740 0.234372 1.000000 1.635228 4.072561
0.202423 0.162009 0.327654 0.176268 0.611536 1.000000 1.643109
0.589988 0.504948 0.923489 0.167044 0.245546 0.608602 1.000000

Matrix 49:
1.000000 3.401451 4.724589 3.279221 4.452607 4.817668 1.827932
0.293992 1.000000 4.257623 1.810101 2.961908 5.048303 1.390005
0.211659 0.234873 1.000000 6.966912 6.059523 6.293498 5.196233
0.304950 0.552455 0.143536 1.000000 2.871848 4.545360 5.895271
0.224588 0.337620 0.165029 0.348208 1.000000 4.341191 6.939514
0.207569 0.198086 0.158894 0.220005 0.230352 1.000000 5.110573
0.547066 0.719422 0.192447 0.169627 0.144102 0.195673 1.000000

Matrix 50:
1.000000 4.392382 2.721167 1.402557 5.332866 2.438549 5.667519
0.227667 1.000000 6.322803 2.268239 1.045574 5.993596 6.153584
0.367489 0.158158 1.000000 4.130914 2.044784 6.756236 1.888684
0.712983 0.440871 0.242077 1.000000 3.833395 5.646511 1.381706
0.187516 0.956412 0.489049 0.260865 1.000000 6.168479 2.524504
0.410080 0.166845 0.148011 0.177101 0.162115 1.000000 1.059106
0.176444 0.162507 0.529469 0.723743 0.396117 0.944193 1.000000

Matrix 51:
1.000000 6.208939 1.448554 5.469502 3.935110 1.802392 3.894589
0.161058 1.000000 4.031531 5.964618 2.899814 3.867436 1.843451
0.690344 0.248045 1.000000 3.237958 3.776179 1.103901 5.471464
0.182832 0.167655 0.308837 1.000000 5.628545 5.289698 1.344647
0.254123 0.344850 0.264818 0.177666 1.000000 5.863002 4.842251
0.554818 0.258569 0.905879 0.189047 0.170561 1.000000 2.381591
0.256766 0.542461 0.182766 0.743690 0.206516 0.419887 1.000000

Matrix 52:
1.000000 1.114918 1.089379 5.006106 4.941112 5.299572 2.483869
0.896927 1.000000 2.792769 5.764775 3.369327 5.224323 3.880413
0.917954 0.358068 1.000000 2.194763 1.589990 6.773839 2.108684
0.199756 0.173467 0.455630 1.000000 5.272563 6.884659 1.768547
0.202384 0.296795 0.628935 0.189661 1.000000 6.144302 5.449088
0.188694 0.191412 0.147627 0.145250 0.162752 1.000000 4.181023
0.402598 0.257705 0.474229 0.565436 0.183517 0.239176 1.000000

Matrix 53:
1.000000 3.208917 4.888735 2.455413 4.637800 5.662287 4.286206
0.311632 1.000000 1.975599 1.472918 2.517496 6.158978 5.665359
0.204552 0.506175 1.000000 1.698828 5.346745 6.937392 2.348829
0.407263 0.678924 0.588641 1.000000 3.356694 5.220782 1.002590
0.215619 0.397220 0.187030 0.297912 1.000000 2.636929 4.226476
0.176607 0.162365 0.144146 0.191542 0.379229 1.000000 2.750540
0.233307 0.176511 0.425744 0.997416 0.236604 0.363565 1.000000

Matrix 54:
1.000000 5.287209 5.592281 1.632939 1.877603 3.947949 6.162210
0.189136 1.000000 2.550632 2.950272 5.164196 4.939868 6.259817
0.178818 0.392060 1.000000 3.596937 1.484955 1.727521 6.345615
0.612393 0.338952 0.278014 1.000000 3.922331 3.382006 2.722167
0.532594 0.193641 0.673421 0.254950 1.000000 4.200788 4.895135
0.253296 0.202435 0.578864 0.295683 0.238051 1.000000 2.184093
0.162279 0.159749 0.157589 0.367354 0.204284 0.457856 1.000000

Matrix 55:
1.000000 5.693287 5.576919 4.966037 6.260082 3.698317 3.455518
0.175645 1.000000 5.233577 2.677427 2.372794 6.049778 5.758415
0.179310 0.191074 1.000000 4.893523 6.913306 4.503269 1.573593
0.201368 0.373493 0.204352 1.000000 5.238813 5.652158 1.766397
0.159742 0.421444 0.144649 0.190883 1.000000 1.664632 1.462383
0.270393 0.165295 0.222061 0.176924 0.600733 1.000000 5.474552
0.289392 0.173659 0.635488 0.566124 0.683815 0.182663 1.000000

Matrix 56:
1.000000 3.019163 4.364641 4.838315 3.137838 3.173722 2.570797
0.331218 1.000000 1.869330 3.116907 4.094706 2.564078 2.362800
0.229114 0.534951 1.000000 6.664918 4.286772 5.865590 6.826009
0.206684 0.320831 0.150039 1.000000 4.140591 1.186773 3.436229
0.318691 0.244218 0.233276 0.241511 1.000000 5.166529 1.443926
0.315087 0.390004 0.170486 0.842621 0.193554 1.000000 1.113992
0.388984 0.423227 0.146498 0.291017 0.692556 0.897672 1.000000

Matrix 57:
1.000000 5.279849 6.368524 2.983112 2.710621 5.639679 5.424404
0.189399 1.000000 6.145241 6.631250 5.763427 2.716507 2.919533
0.157022 0.162728 1.000000 4.754729 6.548158 1.828139 6.920873
0.335220 0.150801 0.210317 1.000000 1.193448 4.916843 5.994862
0.368919 0.173508 0.152715 0.837908 1.000000 4.216256 1.126053
0.177315 0.368120 0.547004 0.203383 0.237177 1.000000 2.497199
0.184352 0.342521 0.144490 0.166810 0.888057 0.400449 1.000000

Matrix 58:
1.000000 2.549025 6.179760 5.783433 4.118823 1.508681 3.039044
0.392307 1.000000 3.249779 3.227624 2.459184 3.740713 1.223558
0.161819 0.307713 1.000000 5.566891 4.995246 3.598128 3.734637
0.172908 0.309825 0.179633 1.000000 6.986794 6.912949 3.167670
0.242788 0.406639 0.200190 0.143127 1.000000 1.745555 5.299579
0.662831 0.267329 0.277922 0.144656 0.572884 1.000000 3.701440
0.329051 0.817289 0.267764 0.315689 0.188694 0.270165 1.000000

Matrix 59:
1.000000 2.053185 6.335726 5.378542 3.539846 2.584621 4.818542
0.487048 1.000000 3.800601 5.687933 2.133369 5.585612 4.168381
0.157835 0.263116 1.000000 1.444324 6.083259 1.690534 6.196027
0.185924 0.175811 0.692365 1.000000 5.166173 4.776760 6.688588
0.282498 0.468742 0.164386 0.193567 1.000000 5.223297 4.770500
0.386904 0.179031 0.591529 0.209347 0.191450 1.000000 1.575241
0.207532 0.239901 0.161394 0.149508 0.209622 0.634824 1.000000

Matrix 60:
1.000000 3.113373 2.369649 2.838458 4.688755 5.271607 5.814060
0.321195 1.000000 3.153898 4.912016 6.385062 3.276994 4.887256
0.422003 0.317068 1.000000 4.986191 6.949278 1.063883 3.619689
0.352304 0.203582 0.200554 1.000000 5.331669 4.787610 4.700821
0.213276 0.156616 0.143900 0.187559 1.000000 2.666765 3.230210
0.189695 0.305158 0.939953 0.208872 0.374986 1.000000 1.901246
0.171997 0.204614 0.276267 0.212729 0.309577 0.525971 1.000000

Matrix 61:
1.000000 6.673134 1.709585 2.757532 4.703102 4.780802 4.800795
0.149855 1.000000 4.286995 4.932351 2.246142 2.099979 3.067987
0.584937 0.233264 1.000000 1.380908 1.042141 1.793779 5.688445
0.362643 0.202743 0.724161 1.000000 1.962806 2.744949 5.486603
0.212626 0.445208 0.959563 0.509475 1.000000 5.429065 1.685063
0.209170 0.476195 0.557482 0.364306 0.184194 1.000000 4.404709
0.208299 0.325947 0.175795 0.182262 0.593450 0.227030 1.000000

Matrix 62:
1.000000 3.505044 6.758893 3.949625 6.416501 2.508071 6.922201
0.285303 1.000000 1.201993 4.241688 2.751056 3.078479 2.591502
0.147953 0.831952 1.000000 6.495723 1.631124 3.651356 3.503812
0.253189 0.235755 0.153947 1.000000 2.650606 2.322100 6.635204
0.155848 0.363497 0.613074 0.377272 1.000000 3.081351 4.471954
0.398713 0.324836 0.273871 0.430645 0.324533 1.000000 6.413859
0.144463 0.385877 0.285403 0.150711 0.223616 0.155912 1.000000

Matrix 63:
1.000000 6.757071 5.116030 4.816000 5.917907 3.466259 3.385075
0.147993 1.000000 6.216665 1.376987 3.891566 2.725390 4.573086
0.195464 0.160858 1.000000 3.041923 2.782062 5.678712 5.169682
0.207641 0.726223 0.328739 1.000000 3.175170 5.700202 2.799855
0.168979 0.256966 0.359446 0.314944 1.000000 5.228854 1.976497
0.288495 0.366920 0.176096 0.175432 0.191246 1.000000 3.369851
0.295414 0.218671 0.193436 0.357161 0.505946 0.296749 1.000000

Matrix 64:
1.000000 3.709700 5.431088 1.553063 4.122420 6.789765 5.404462
0.269564 1.000000 4.432222 1.630498 1.445124 1.687645 6.364197
0.184125 0.225620 1.000000 3.442199 4.189368 3.134310 6.166872
0.643889 0.613309 0.290512 1.000000 6.912702 3.228614 4.313244
0.242576 0.691982 0.238699 0.144661 1.000000 1.979231 3.145532
0.147281 0.592542 0.319049 0.309730 0.505247 1.000000 6.104821
0.185032 0.157129 0.162157 0.231844 0.317911 0.163805 1.000000

Matrix 65:
1.000000 4.921772 6.741365 6.003382 1.892559 5.485467 3.454859
0.203179 1.000000 2.533151 5.999386 3.013475 1.694169 2.965022
0.148338 0.394765 1.000000 1.233448 2.988069 2.524398 1.442687
0.166573 0.166684 0.810736 1.000000 2.338409 6.018423 6.690811
0.528385 0.331843 0.334664 0.427641 1.000000 1.289075 1.078179
0.182300 0.590260 0.396134 0.166156 0.775750 1.000000 2.657378
0.289447 0.337266 0.693151 0.149459 0.927490 0.376311 1.000000

Matrix 66:
1.000000 6.638496 1.498793 6.735691 4.450073 3.939841 6.320766
0.150637 1.000000 4.012383 3.129132 6.286776 5.466137 3.292854
0.667203 0.249228 1.000000 6.944410 1.324431 1.942782 6.403067
0.148463 0.319577 0.144001 1.000000 5.127339 6.477203 1.253985
0.224715 0.159064 0.755041 0.195033 1.000000 1.461678 6.813624
0.253817 0.182945 0.514726 0.154388 0.684145 1.000000 2.088370
0.158209 0.303688 0.156175 0.797458 0.146765 0.478842 1.000000

Matrix 67:
1.000000 5.097113 3.285033 2.083918 5.182921 6.954836 2.340732
0.196189 1.000000 4.385150 5.941180 3.019317 3.124798 2.643303
0.304411 0.228042 1.000000 4.825593 5.740967 2.932144 6.675034
0.479865 0.168317 0.207228 1.000000 4.564938 3.398095 6.749366
0.192941 0.331201 0.174187 0.219061 1.000000 2.134213 4.227181
0.143785 0.320021 0.341047 0.294283 0.468557 1.000000 3.567269
0.427217 0.378314 0.149812 0.148162 0.236564 0.280326 1.000000

Matrix 68:
1.000000 3.415753 6.398548 4.571227 5.604648 4.544202 3.250775
0.292761 1.000000 5.811209 2.832698 1.475758 3.960709 3.567265
0.156285 0.172081 1.000000 6.033688 5.043953 4.542369 1.366221
0.218760 0.353020 0.165736 1.000000 6.488530 3.223538 2.053813
0.178423 0.677618 0.198257 0.154118 1.000000 3.559498 5.334999
0.220061 0.252480 0.220149 0.310218 0.280939 1.000000 2.232284
0.307619 0.280327 0.731946 0.486899 0.187441 0.447972 1.000000

Matrix 69:
1.000000 5.766470 3.403604 1.894608 1.538087 2.025910 1.984051
0.173416 1.000000 6.750291 3.937967 4.457981 2.639650 4.724241
0.293806 0.148142 1.000000 6.780771 1.855527 6.273375 6.662390
0.527814 0.253938 0.147476 1.000000 2.207626 5.503325 4.439142
0.650158 0.224317 0.538930 0.452975 1.000000 3.346936 4.021828
0.493605 0.378838 0.159404 0.181708 0.298781 1.000000 3.865514
0.504019 0.211674 0.150096 0.225269 0.248643 0.258698 1.000000

Matrix 70:
1.000000 1.538614 2.631135 3.320202 6.648813 3.837261 1.750092
0.649936 1.000000 2.311087 1.358355 3.919582 5.792591 5.057971
0.380064 0.432697 1.000000 2.771894 6.558695 1.514722 5.454996
0.301186 0.736184 0.360764 1.000000 1.069754 1.265328 2.940870
0.150403 0.255129 0.152469 0.934794 1.000000 5.576666 2.108990
0.260603 0.172634 0.660187 0.790309 0.179319 1.000000 6.481529
0.571399 0.197708 0.183318 0.340035 0.474161 0.154285 1.000000

Matrix 71:
1.000000 2.339536 6.591405 6.999018 2.045824 5.388444 6.731812
0.427435 1.000000 5.516910 1.074652 3.913858 6.285372 6.685135
0.151713 0.181261 1.000000 5.663052 4.935942 1.399331 6.180566
0.142877 0.930534 0.176583 1.000000 2.353104 2.799523 6.114139
0.488801 0.255502 0.202596 0.424971 1.000000 6.882363 6.285337
0.185582 0.159100 0.714627 0.357204 0.145299 1.000000 5.002727
0.148548 0.149586 0.161797 0.163555 0.159100 0.199891 1.000000

Matrix 72:
1.000000 5.313886 4.315511 4.343321 4.663832 3.423095 3.626565
0.188186 1.000000 3.099315 2.523892 3.804726 5.383501 2.078335
0.231722 0.322652 1.000000 2.470053 5.897391 5.413387 2.426058
0.230239 0.396213 0.404850 1.000000 4.826082 4.484150 4.877232
0.214416 0.262831 0.169567 0.207207 1.000000 2.124077 6.353276
0.292133 0.185753 0.184727 0.223008 0.470793 1.000000 3.647713
0.275743 0.481154 0.412191 0.205034 0.157399 0.274144 1.000000

Matrix 73:
1.000000 3.651495 5.823375 6.868522 5.523819 1.802287 6.220063
0.273860 1.000000 1.111707 6.912020 1.667015 2.490143 3.274398
0.171722 0.899517 1.000000 6.091845 5.914034 5.654802 6.530829
0.145592 0.144676 0.164154 1.000000 2.616191 4.344395 4.746305
0.181034 0.599875 0.169089 0.382235 1.000000 3.756314 5.769441
0.554851 0.401583 0.176841 0.230182 0.266218 1.000000 5.903954
0.160770 0.305400 0.153120 0.210690 0.173327 0.169378 1.000000

Matrix 74:
1.000000 3.758978 3.540581 3.957343 4.084541 1.008010 5.015912
0.266030 1.000000 5.252415 2.293330 4.072801 6.255925 5.897954
0.282439 0.190389 1.000000 3.652915 1.385600 4.227885 4.910453
0.252695 0.436047 0.273754 1.000000 6.964132 1.916713 6.944461
0.244826 0.245531 0.721709 0.143593 1.000000 1.557236 3.287101
0.992054 0.159848 0.236525 0.521727 0.642164 1.000000 6.299091
0.199366 0.169550 0.203647 0.144000 0.304219 0.158753 1.000000

Matrix 75:
1.000000 1.467830 5.057919 5.642969 1.829336 5.247665 3.829085
0.681278 1.000000 4.205118 1.763201 6.365566 3.344422 1.237259
0.197710 0.237805 1.000000 6.094379 4.532693 2.477840 1.024452
0.177212 0.567150 0.164086 1.000000 4.851638 3.566774 6.628564
0.546646 0.157095 0.220619 0.206116 1.000000 2.647018 6.689831
0.190561 0.299005 0.403577 0.280365 0.377784 1.000000 2.324688
0.261159 0.808238 0.976132 0.150862 0.149481 0.430165 1.000000

Matrix 76:
1.000000 6.428790 4.551607 1.304765 5.787607 2.475257 1.640079
0.155550 1.000000 6.254730 4.634673 4.554527 4.314837 4.109262
0.219703 0.159879 1.000000 1.451937 2.625170 4.988214 5.968210
0.766421 0.215765 0.688735 1.000000 4.704377 2.320474 2.947673
0.172783 0.219562 0.380928 0.212568 1.000000 3.691706 3.721720
0.403998 0.231758 0.200473 0.430946 0.270877 1.000000 4.079889
0.609727 0.243353 0.167554 0.339251 0.268693 0.245105 1.000000

Matrix 77:
1.000000 1.396303 2.903477 2.598749 5.112844 1.184587 3.600361
0.716177 1.000000 6.741934 3.378884 5.339925 2.536897 6.475933
0.344415 0.148325 1.000000 3.245282 4.990018 5.452961 3.156695
0.384800 0.295956 0.308140 1.000000 2.639152 6.726845 4.543790
0.195586 0.187269 0.200400 0.378910 1.000000 5.523738 3.052189
0.844176 0.394182 0.183387 0.148658 0.181037 1.000000 1.190638
0.277750 0.154418 0.316787 0.220081 0.327634 0.839886 1.000000

Matrix 78:
1.000000 2.968461 5.815254 6.950083 6.686977 4.931485 3.926901
0.336875 1.000000 4.500858 5.197079 2.221445 1.527309 2.541355
0.171962 0.222180 1.000000 3.649262 6.948490 3.692407 5.959416
0.143883 0.192416 0.274028 1.000000 3.652635 5.845573 4.878146
0.149544 0.450157 0.143916 0.273775 1.000000 5.373847 3.450312
0.202779 0.654746 0.270826 0.171070 0.186086 1.000000 4.010475
0.254654 0.393491 0.167802 0.204996 0.289829 0.249347 1.000000

Matrix 79:
1.000000 2.140847 4.041161 5.024606 2.971963 1.589073 3.699256
0.467105 1.000000 6.846444 3.881068 1.391128 1.023537 3.980204
0.247454 0.146061 1.000000 2.873304 3.854376 3.109580 2.315264
0.199021 0.257661 0.348031 1.000000 3.420698 4.334171 4.727665
0.336478 0.718841 0.259445 0.292338 1.000000 4.633591 1.844294
0.629298 0.977004 0.321587 0.230725 0.215815 1.000000 3.562609
0.270325 0.251243 0.431916 0.211521 0.542213 0.280693 1.000000

Matrix 80:
1.000000 4.978441 1.923815 2.025845 2.812310 4.045074 6.598502
0.200866 1.000000 4.158386 4.473516 1.883588 1.255765 5.958835
0.519801 0.240478 1.000000 2.486875 4.156508 2.413529 5.329331
0.493621 0.223538 0.402111 1.000000 5.695157 4.972279 1.929170
0.355580 0.530902 0.240587 0.175588 1.000000 2.496137 1.815083
0.247214 0.796327 0.414331 0.201115 0.400619 1.000000 3.338391
0.151550 0.167818 0.187641 0.518358 0.550939 0.299545 1.000000

Matrix 81:
1.000000 3.856616 4.425524 6.621855 5.077733 5.789482 5.386035
0.259295 1.000000 5.846321 5.838368 4.338336 5.721915 5.298484
0.225962 0.171048 1.000000 2.855295 2.324304 3.416706 6.300229
0.151015 0.171281 0.350227 1.000000 2.585670 6.249700 3.069921
0.196938 0.230503 0.430236 0.386747 1.000000 5.711637 6.275104
0.172727 0.174767 0.292680 0.160008 0.175081 1.000000 4.242019
0.185665 0.188733 0.158724 0.325741 0.159360 0.235737 1.000000

Matrix 82:
1.000000 5.786933 1.615671 2.449890 1.316779 2.677320 4.179607
0.172803 1.000000 6.907868 1.216427 4.215127 6.901688 5.025136
0.618938 0.144762 1.000000 2.262930 1.621093 5.978550 1.356017
0.408182 0.822080 0.441905 1.000000 4.110892 5.489911 6.339878
0.759429 0.237241 0.616868 0.243256 1.000000 4.196041 1.352456
0.373508 0.144892 0.167265 0.182152 0.238320 1.000000 3.130817
0.239257 0.199000 0.737454 0.157732 0.739395 0.319405 1.000000

Matrix 83:
1.000000 2.518160 6.174968 3.849139 3.591920 5.841642 6.501345
0.397115 1.000000 2.623460 1.240535 4.914944 2.154399 1.411099
0.161944 0.381176 1.000000 3.901447 5.919088 6.259958 3.531326
0.259798 0.806104 0.256315 1.000000 4.777326 1.552369 2.150480
0.278403 0.203461 0.168945 0.209322 1.000000 6.292206 3.317132
0.171185 0.464167 0.159745 0.644177 0.158927 1.000000 3.125720
0.153814 0.708667 0.283180 0.465012 0.301465 0.319926 1.000000

Matrix 84:
1.000000 2.674556 2.814552 1.795986 4.527075 5.334328 3.013605
0.373894 1.000000 2.865379 5.405955 2.528896 2.036891 3.858502
0.355296 0.348994 1.000000 5.159619 3.906483 2.448548 5.337059
0.556797 0.184981 0.193813 1.000000 4.856436 6.019142 2.083981
0.220893 0.395429 0.255985 0.205912 1.000000 6.748342 4.536345
0.187465 0.490944 0.408405 0.166137 0.148185 1.000000 4.404599
0.331828 0.259168 0.187369 0.479851 0.220442 0.227035 1.000000

Matrix 85:
1.000000 2.046678 4.435389 5.094572 3.265700 2.542457 3.602512
0.488597 1.000000 1.758477 4.956360 3.007711 1.714436 5.745087
0.225459 0.568674 1.000000 3.743600 2.578116 2.198531 2.296121
0.196287 0.201761 0.267123 1.000000 3.278294 6.894077 1.910332
0.306213 0.332479 0.387880 0.305037 1.000000 4.310610 3.351089
0.393320 0.583282 0.454849 0.145052 0.231986 1.000000 2.388911
0.277584 0.174062 0.435517 0.523469 0.298410 0.418601 1.000000

Matrix 86:
1.000000 4.450266 4.132668 5.424339 6.870868 1.546742 4.829667
0.224706 1.000000 6.233948 1.976866 5.040598 2.127331 6.038992
0.241974 0.160412 1.000000 3.163911 4.265098 5.836570 3.233704
0.184354 0.505851 0.316065 1.000000 5.932940 2.543404 1.690474
0.145542 0.198389 0.234461 0.168551 1.000000 6.028365 6.687347
0.646520 0.470073 0.171333 0.393174 0.165882 1.000000 1.447981
0.207054 0.165591 0.309243 0.591550 0.149536 0.690617 1.000000

Matrix 87:
1.000000 2.348016 4.706741 2.276999 6.253504 1.871741 1.522612
0.425892 1.000000 6.290054 1.825409 1.072466 1.139031 4.013486
0.212461 0.158981 1.000000 2.418566 2.590857 6.969875 5.699877
0.439175 0.547823 0.413468 1.000000 4.971551 4.808883 1.033578
0.159910 0.932431 0.385973 0.201144 1.000000 3.052851 4.858042
0.534262 0.877939 0.143475 0.207948 0.327563 1.000000 4.861725
0.656766 0.249160 0.175442 0.967513 0.205844 0.205688 1.000000

Matrix 88:
1.000000 3.492899 1.275884 5.218804 2.546481 1.210964 2.233893
0.286295 1.000000 4.173755 3.713193 6.488276 2.770681 6.169052
0.783770 0.239592 1.000000 5.908382 3.282721 5.326394 3.136776
0.191615 0.269310 0.169251 1.000000 1.423861 2.025278 6.114238
0.392699 0.154124 0.304625 0.702316 1.000000 3.070218 6.453291
0.825788 0.360922 0.187744 0.493759 0.325710 1.000000 3.352223
0.447649 0.162099 0.318799 0.163553 0.154960 0.298310 1.000000

Matrix 89:
1.000000 1.279422 6.885231 4.961275 3.665051 2.505097 1.166165
0.781603 1.000000 3.234800 1.032990 5.960570 1.337703 4.068686
0.145238 0.309138 1.000000 3.933645 6.358187 1.270911 1.612283
0.201561 0.968064 0.254217 1.000000 5.391007 6.764651 3.613011
0.272848 0.167769 0.157278 0.185494 1.000000 3.390437 3.734292
0.399186 0.747550 0.786837 0.147827 0.294947 1.000000 5.271893
0.857511 0.245780 0.620239 0.276777 0.267788 0.189685 1.000000

Matrix 90:
1.000000 3.635119 4.314573 2.043680 6.541533 6.113922 3.717988
0.275094 1.000000 1.637036 3.001574 3.961148 2.332369 3.249272
0.231773 0.610860 1.000000 5.001737 5.598709 3.961844 2.211136
0.489313 0.333159 0.199931 1.000000 2.576843 4.738193 4.849639
0.152869 0.252452 0.178613 0.388072 1.000000 2.563722 6.658455
0.163561 0.428749 0.252408 0.211051 0.390058 1.000000 5.798060
0.268963 0.307761 0.452256 0.206201 0.150185 0.172471 1.000000

Matrix 91:
1.000000 5.442609 2.436911 6.676783 2.735641 1.477065 3.029532
0.183735 1.000000 5.218879 1.233271 1.168984 5.516149 3.261383
0.410356 0.191612 1.000000 2.330431 6.955272 4.623895 4.114243
0.149773 0.810852 0.429105 1.000000 6.564850 6.272561 5.515473
0.365545 0.855444 0.143776 0.152326 1.000000 5.747772 1.763761
0.677018 0.181286 0.216268 0.159425 0.173980 1.000000 5.362207
0.330084 0.306618 0.243058 0.181308 0.566970 0.186490 1.000000

Matrix 92:
1.000000 2.839467 2.114566 2.764150 1.264320 4.899955 3.976375
0.352179 1.000000 1.852278 5.710379 5.520353 6.202517 3.714844
0.472910 0.539876 1.000000 5.789960 3.031116 2.661061 6.766960
0.361775 0.175120 0.172713 1.000000 1.067642 5.869373 3.291546
0.790939 0.181148 0.329911 0.936644 1.000000 6.917030 5.312294
0.204084 0.161225 0.375790 0.170376 0.144571 1.000000 4.459576
0.251485 0.269190 0.147777 0.303809 0.188243 0.224237 1.000000

Matrix 93:
1.000000 2.438521 1.098933 3.775805 6.274716 3.314036 3.846021
0.410085 1.000000 2.263667 2.924172 4.837931 5.231124 2.769137
0.909974 0.441761 1.000000 6.123197 6.611557 3.952880 1.811289
0.264844 0.341977 0.163313 1.000000 3.890872 5.858289 1.307331
0.159370 0.206700 0.151250 0.257012 1.000000 5.479113 4.078095
0.301747 0.191164 0.252980 0.170698 0.182511 1.000000 1.048011
0.260009 0.361123 0.552093 0.764917 0.245213 0.954188 1.000000

Matrix 94:
1.000000 2.884449 6.276747 1.560667 5.992369 1.919094 5.004768
0.346687 1.000000 5.340489 1.875003 3.850827 4.838122 1.668346
0.159318 0.187249 1.000000 4.285005 4.412860 3.642402 4.967287
0.640752 0.533332 0.233372 1.000000 1.702881 5.299244 5.068180
0.166879 0.259684 0.226610 0.587240 1.000000 4.434948 3.001202
0.521079 0.206692 0.274544 0.188706 0.225482 1.000000 4.543759
0.199809 0.599396 0.201317 0.197309 0.333200 0.220082 1.000000

Matrix 95:
1.000000 4.279519 6.663452 6.941338 2.901450 6.427871 6.480414
0.233671 1.000000 2.473582 2.165723 1.345337 5.929573 6.152228
0.150072 0.404272 1.000000 2.664922 5.916569 1.026438 4.996701
0.144064 0.461740 0.375246 1.000000 4.091600 4.967309 2.232002
0.344655 0.743308 0.169017 0.244403 1.000000 1.605874 3.157522
0.155572 0.168646 0.974243 0.201316 0.622714 1.000000 5.100488
0.154311 0.162543 0.200132 0.448028 0.316704 0.196060 1.000000

Matrix 96:
1.000000 3.522172 3.984409 1.975115 5.199443 2.479783 1.761823
0.283916 1.000000 6.549350 5.451653 5.868261 4.927498 2.538477
0.250978 0.152687 1.000000 4.931625 4.862825 3.949116 4.650243
0.506300 0.183431 0.202773 1.000000 6.336082 5.402858 5.689648
0.192328 0.170408 0.205642 0.157826 1.000000 1.752223 4.599904
0.403261 0.202943 0.253221 0.185087 0.570704 1.000000 5.533277
0.567594 0.393937 0.215043 0.175758 0.217396 0.180725 1.000000

Matrix 97:
1.000000 2.554667 2.012919 1.697107 3.868910 5.177894 1.883476
0.391440 1.000000 2.102306 1.282468 6.127218 5.750427 2.469266
0.496791 0.475668 1.000000 5.137807 1.669188 2.088319 4.335142
0.589238 0.779746 0.194636 1.000000 3.853919 2.619443 6.936152
0.258471 0.163206 0.599094 0.259476 1.000000 1.781867 1.570182
0.193129 0.173900 0.478854 0.381761 0.561209 1.000000 3.515525
0.530933 0.404979 0.230673 0.144172 0.636869 0.284453 1.000000

Matrix 98:
1.000000 5.474703 4.132867 4.478138 4.734809 5.508139 5.775830
0.182658 1.000000 2.091162 4.258106 4.005746 6.678932 3.193702
0.241963 0.478203 1.000000 5.085162 4.098288 1.733882 4.825010
0.223307 0.234846 0.196651 1.000000 2.737191 3.991238 1.856180
0.211202 0.249641 0.244004 0.365338 1.000000 4.729376 4.143263
0.181550 0.149725 0.576741 0.250549 0.211444 1.000000 6.612110
0.173135 0.313116 0.207253 0.538741 0.241356 0.151238 1.000000

Matrix 99:
1.000000 5.526632 6.684882 5.230721 5.691973 3.207680 3.358525
0.180942 1.000000 1.177030 2.312171 4.621270 5.478696 6.509173
0.149591 0.849596 1.000000 5.783919 5.809392 4.685622 5.827367
0.191178 0.432494 0.172893 1.000000 5.779348 1.917560 3.966402
0.175686 0.216391 0.172135 0.173030 1.000000 2.127252 6.695430
0.311752 0.182525 0.213419 0.521496 0.470090 1.000000 6.565467
0.297750 0.153629 0.171604 0.252118 0.149356 0.152312 1.000000

Matrix 100:
1.000000 4.019318 1.900181 4.091633 5.256793 2.798002 6.530569
0.248798 1.000000 3.906168 3.199163 1.638780 3.452547 2.388378
0.526266 0.256005 1.000000 3.603391 5.586227 3.528705 2.431829
0.244401 0.312582 0.277516 1.000000 1.807843 5.136649 6.584371
0.190230 0.610210 0.179012 0.553145 1.000000 4.033538 6.716814
0.357398 0.289641 0.283390 0.194679 0.247921 1.000000 5.068165
0.153126 0.418694 0.411213 0.151875 0.148880 0.197310 1.000000

