Matrix 1:
1.000000 6.025502 3.027739 2.254248 1.505059
0.165961 1.000000 5.235445 4.126569 6.831208
0.330279 0.191006 1.000000 6.890993 4.130640
0.443607 0.242332 0.145117 1.000000 6.947790
0.664426 0.146387 0.242093 0.143931 1.000000

Matrix 2:
1.000000 1.947150 6.182857 3.524613 1.739362
0.513571 1.000000 2.001526 6.925944 1.302289
0.161738 0.499619 1.000000 5.285723 5.743990
0.283719 0.144385 0.189189 1.000000 4.253358
0.574923 0.767879 0.174095 0.235108 1.000000

Matrix 3:
1.000000 4.260169 3.404559 3.343581 6.791230
0.234732 1.000000 6.617154 5.764321 4.638261
0.293724 0.151122 1.000000 3.100214 6.750604
0.299080 0.173481 0.322558 1.000000 5.362505
0.147249 0.215598 0.148135 0.186480 1.000000

Matrix 4:
1.000000 5.792036 6.325857 3.009278 4.232375
0.172651 1.000000 2.241073 6.364180 1.359380
0.158081 0.446215 1.000000 6.620757 2.745221
0.332306 0.157129 0.151040 1.000000 4.560269
0.236274 0.735630 0.364269 0.219285 1.000000

Matrix 5:
1.000000 5.641878 3.922014 6.811785 4.358478
0.177246 1.000000 3.110821 4.804361 4.865649
0.254971 0.321459 1.000000 5.108154 3.842017
0.146804 0.208144 0.195765 1.000000 6.761577
0.229438 0.205522 0.260280 0.147894 1.000000

Matrix 6:
1.000000 2.198855 6.772742 3.426619 3.247638
0.454782 1.000000 1.856280 3.713210 4.546419
0.147651 0.538712 1.000000 6.593332 1.971232
0.291833 0.269309 0.151668 1.000000 4.864832
0.307916 0.219953 0.507297 0.205557 1.000000

Matrix 7:
1.000000 6.148879 5.116027 2.606932 6.525254
0.162631 1.000000 2.780263 1.066990 4.299131
0.195464 0.359678 1.000000 4.290788 5.224773
0.383593 0.937216 0.233057 1.000000 4.685016
0.153251 0.232605 0.191396 0.213446 1.000000

Matrix 8:
1.000000 1.967938 2.202368 2.819254 6.420005
0.508146 1.000000 2.334154 4.187255 5.661481
0.454057 0.428421 1.000000 6.190243 3.313169
0.354704 0.238820 0.161545 1.000000 4.400995
0.155763 0.176632 0.301826 0.227221 1.000000

Matrix 9:
1.000000 4.005491 4.010490 5.372960 2.730440
0.249657 1.000000 2.652320 6.876330 3.332467
0.249346 0.377028 1.000000 1.149483 6.557139
0.186117 0.145426 0.869956 1.000000 1.514046
0.366241 0.300078 0.152506 0.660482 1.000000

Matrix 10:
1.000000 4.554955 2.497920 1.446836 2.751795
0.219541 1.000000 3.194776 3.527684 1.453982
0.400333 0.313011 1.000000 1.923290 1.971343
0.691163 0.283472 0.519943 1.000000 6.499779
0.363399 0.687766 0.507268 0.153851 1.000000

Matrix 11:
1.000000 4.229547 3.418810 1.452559 6.542802
0.236432 1.000000 6.734613 6.728465 1.307285
0.292499 0.148487 1.000000 5.612165 4.626389
0.688440 0.148622 0.178184 1.000000 2.248328
0.152840 0.764944 0.216151 0.444775 1.000000

Matrix 12:
1.000000 2.363611 2.623613 4.498525 4.240578
0.423082 1.000000 2.870733 3.397262 5.381740
0.381154 0.348343 1.000000 4.476521 1.008463
0.222295 0.294355 0.223388 1.000000 4.756132
0.235817 0.185813 0.991608 0.210255 1.000000

Matrix 13:
1.000000 2.692509 4.238062 5.796759 4.799535
0.371401 1.000000 6.007844 5.312969 5.498791
0.235957 0.166449 1.000000 6.235604 4.714230
0.172510 0.188219 0.160369 1.000000 2.885052
0.208354 0.181858 0.212124 0.346614 1.000000

Matrix 14:
1.000000 3.456505 4.642859 1.524797 4.541970
0.289310 1.000000 1.433740 6.541594 6.173498
0.215385 0.697477 1.000000 5.277901 4.063136
0.655825 0.152868 0.189469 1.000000 5.551795
0.220169 0.161983 0.246115 0.180122 1.000000

Matrix 15:
1.000000 4.474691 1.812614 3.310370 3.598372
0.223479 1.000000 2.961513 5.107174 2.390970
0.551690 0.337665 1.000000 6.049086 2.940776
0.302081 0.195803 0.165314 1.000000 5.086443
0.277903 0.418240 0.340046 0.196601 1.000000

Matrix 16:
1.000000 5.353421 3.661830 3.501991 3.222153
0.186796 1.000000 4.871169 6.702925 1.543140
0.273088 0.205290 1.000000 3.142461 3.156574
0.285552 0.149189 0.318222 1.000000 6.422078
0.310352 0.648029 0.316799 0.155713 1.000000

Matrix 17:
1.000000 5.246907 1.009492 3.340022 2.597715
0.190588 1.000000 4.691726 3.794455 4.804617
0.990597 0.213141 1.000000 5.220739 2.564901
0.299399 0.263542 0.191544 1.000000 5.017229
0.384954 0.208133 0.389879 0.199313 1.000000

Matrix 18:
1.000000 4.200059 3.166634 5.580804 5.709764
0.238092 1.000000 2.821082 1.425231 2.817995
0.315793 0.354474 1.000000 2.595670 2.921804
0.179186 0.701641 0.385257 1.000000 4.857075
0.175139 0.354862 0.342254 0.205885 1.000000

Matrix 19:
1.000000 5.980315 2.452681 3.598167 2.239811
0.167215 1.000000 4.402561 4.231759 4.172920
0.407717 0.227141 1.000000 1.754330 6.570066
0.277919 0.236308 0.570018 1.000000 2.417730
0.446466 0.239640 0.152205 0.413611 1.000000

Matrix 20:
1.000000 2.046064 2.809307 2.569096 5.631730
0.488743 1.000000 2.472889 2.821524 4.460235
0.355960 0.404385 1.000000 5.625253 1.576135
0.389242 0.354418 0.177770 1.000000 2.526942
0.177565 0.224203 0.634463 0.395735 1.000000

Matrix 21:
1.000000 1.278818 5.620789 3.520415 3.978016
0.781972 1.000000 3.482389 5.486147 2.396066
0.177911 0.287159 1.000000 3.796420 1.127658
0.284057 0.182277 0.263406 1.000000 3.942009
0.251382 0.417351 0.886794 0.253678 1.000000

Matrix 22:
1.000000 2.693429 5.867234 6.252463 6.886685
0.371274 1.000000 1.728066 1.685761 4.528258
0.170438 0.578682 1.000000 1.965710 2.799478
0.159937 0.593204 0.508722 1.000000 4.768242
0.145208 0.220835 0.357209 0.209721 1.000000

Matrix 23:
1.000000 5.379758 3.383870 2.938560 1.253382
0.185882 1.000000 2.375210 6.085154 2.071169
0.295520 0.421015 1.000000 3.079258 2.172645
0.340303 0.164334 0.324754 1.000000 6.799462
0.797841 0.482819 0.460268 0.147070 1.000000

Matrix 24:
1.000000 5.131587 2.318473 5.661387 3.107094
0.194871 1.000000 5.266319 1.604668 4.814696
0.431318 0.189886 1.000000 4.319584 2.326364
0.176635 0.623182 0.231504 1.000000 5.712656
0.321844 0.207697 0.429855 0.175050 1.000000

Matrix 25:
1.000000 6.994399 4.254640 4.567191 3.015939
0.142972 1.000000 1.178722 4.886323 4.292719
0.235038 0.848376 1.000000 5.269878 2.899455
0.218953 0.204653 0.189758 1.000000 5.529184
0.331572 0.232953 0.344892 0.180859 1.000000

Matrix 26:
1.000000 2.939817 3.928612 4.904196 5.796137
0.340157 1.000000 2.862702 5.018125 4.221367
0.254543 0.349320 1.000000 5.101588 4.043369
0.203907 0.199278 0.196017 1.000000 2.551130
0.172529 0.236890 0.247319 0.391983 1.000000

Matrix 27:
1.000000 6.432550 5.633872 6.198207 4.738259
0.155459 1.000000 5.504140 4.995278 1.870646
0.177498 0.181681 1.000000 2.496291 5.063037
0.161337 0.200189 0.400594 1.000000 1.994187
0.211048 0.534575 0.197510 0.501457 1.000000

Matrix 28:
1.000000 5.970856 6.618574 6.427522 6.270041
0.167480 1.000000 6.569588 6.438407 6.073267
0.151090 0.152217 1.000000 2.935135 2.062814
0.155581 0.155318 0.340700 1.000000 3.653970
0.159489 0.164656 0.484775 0.273675 1.000000

Matrix 29:
1.000000 4.032958 4.093148 1.571356 6.495459
0.247957 1.000000 4.734820 2.627171 4.338093
0.244311 0.211201 1.000000 1.338994 6.893960
0.636393 0.380638 0.746829 1.000000 4.897513
0.153954 0.230516 0.145055 0.204185 1.000000

Matrix 30:
1.000000 5.834079 6.656233 5.040897 2.084182
0.171407 1.000000 6.347977 5.129703 5.938465
0.150235 0.157531 1.000000 5.032905 1.604669
0.198377 0.194943 0.198692 1.000000 6.130884
0.479804 0.168394 0.623182 0.163109 1.000000

Matrix 31:
1.000000 4.413142 5.077362 5.536793 3.265309
0.226596 1.000000 3.135344 1.519298 2.543264
0.196953 0.318944 1.000000 6.293216 6.691467
0.180610 0.658199 0.158901 1.000000 6.727595
0.306250 0.393196 0.149444 0.148642 1.000000

Matrix 32:
1.000000 2.376180 6.405543 2.893490 1.924260
0.420844 1.000000 1.768635 2.165193 2.773695
0.156115 0.565408 1.000000 6.926994 4.488064
0.345603 0.461853 0.144363 1.000000 2.771883
0.519680 0.360530 0.222813 0.360766 1.000000

Matrix 33:
1.000000 5.310258 5.020458 4.604263 6.020163
0.188315 1.000000 5.449784 3.712701 2.227132
0.199185 0.183494 1.000000 4.665465 6.608125
0.217190 0.269346 0.214341 1.000000 5.341027
0.166108 0.449008 0.151329 0.187230 1.000000

Matrix 34:
1.000000 3.601233 3.831005 4.771574 1.898907
0.277683 1.000000 3.683864 1.105281 2.874384
0.261028 0.271454 1.000000 3.824377 1.028325
0.209574 0.904747 0.261480 1.000000 1.711344
0.526619 0.347901 0.972455 0.584336 1.000000

Matrix 35:
1.000000 3.682305 6.542016 3.552177 2.414866
0.271569 1.000000 4.208315 5.953884 5.743555
0.152858 0.237625 1.000000 5.393660 2.296775
0.281518 0.167958 0.185403 1.000000 1.283940
0.414102 0.174108 0.435393 0.778852 1.000000

Matrix 36:
1.000000 3.284082 1.886804 5.994173 5.321610
0.304499 1.000000 6.107449 2.145240 6.886662
0.529997 0.163734 1.000000 3.706773 2.143302
0.166829 0.466148 0.269776 1.000000 5.278765
0.187913 0.145208 0.466570 0.189438 1.000000

Matrix 37:
1.000000 5.010280 2.457244 6.429767 1.502846
0.199590 1.000000 4.859478 2.151065 3.526399
0.406960 0.205783 1.000000 4.950111 2.286490
0.155527 0.464886 0.202016 1.000000 5.533142
0.665404 0.283575 0.437352 0.180729 1.000000

Matrix 38:
1.000000 1.955638 3.756807 1.582638 6.187949
0.511342 1.000000 2.237819 6.057547 3.140658
0.266184 0.446864 1.000000 4.690667 6.308455
0.631857 0.165083 0.213189 1.000000 2.127836
0.161604 0.318405 0.158517 0.469961 1.000000

Matrix 39:
1.000000 1.538544 6.964656 3.245426 2.874186
0.649965 1.000000 5.665788 1.003703 4.145382
0.143582 0.176498 1.000000 3.937637 2.774985
0.308126 0.996310 0.253959 1.000000 2.579327
0.347925 0.241232 0.360362 0.387698 1.000000

Matrix 40:
1.000000 6.223271 3.276545 4.922339 2.615261
0.160687 1.000000 4.186951 3.788299 3.338546
0.305200 0.238837 1.000000 4.617759 3.116914
0.203155 0.263971 0.216555 1.000000 6.874528
0.382371 0.299532 0.320830 0.145465 1.000000

Matrix 41:
1.000000 4.035640 4.880774 2.615119 1.224477
0.247792 1.000000 3.065926 6.534242 6.077572
0.204886 0.326166 1.000000 2.706777 6.694152
0.382392 0.153040 0.369443 1.000000 4.220416
0.816675 0.164539 0.149384 0.236943 1.000000

Matrix 42:
1.000000 5.066310 2.811616 3.083863 6.376316
0.197382 1.000000 4.735972 5.621139 1.537473
0.355667 0.211150 1.000000 2.526915 5.017995
0.324269 0.177900 0.395740 1.000000 3.116644
0.156830 0.650418 0.199283 0.320858 1.000000

Matrix 43:
1.000000 1.912122 1.991953 4.946800 4.021055
0.522979 1.000000 2.160436 3.189961 3.643798
0.502020 0.462870 1.000000 6.976637 4.764801
0.202151 0.313483 0.143336 1.000000 1.799737
0.248691 0.274439 0.209872 0.555637 1.000000

Matrix 44:
1.000000 3.399584 3.269972 2.204483 3.370253
0.294154 1.000000 6.311517 5.363642 6.609214
0.305813 0.158441 1.000000 3.975595 5.130948
0.453621 0.186440 0.251535 1.000000 5.579747
0.296714 0.151304 0.194896 0.179220 1.000000

Matrix 45:
1.000000 6.369333 6.270358 1.177748 6.614669
0.157002 1.000000 4.844675 2.224708 4.987456
0.159481 0.206412 1.000000 2.858271 6.064480
0.849078 0.449497 0.349862 1.000000 6.429858
0.151179 0.200503 0.164895 0.155524 1.000000

Matrix 46:
1.000000 1.142076 2.195469 1.492186 4.551646
0.875598 1.000000 2.816598 3.806657 2.365208
0.455483 0.355038 1.000000 6.372478 3.501506
0.670158 0.262698 0.156925 1.000000 3.760064
0.219701 0.422796 0.285591 0.265953 1.000000

Matrix 47:
1.000000 2.695887 2.793866 4.756796 4.710724
0.370935 1.000000 6.972257 2.846803 6.049528
0.357927 0.143426 1.000000 6.403104 2.794848
0.210226 0.351271 0.156174 1.000000 4.691739
0.212282 0.165302 0.357801 0.213141 1.000000

Matrix 48:
1.000000 3.288972 5.782249 5.363597 5.755574
0.304046 1.000000 5.686342 6.493741 1.922541
0.172943 0.175860 1.000000 2.889083 2.014750
0.186442 0.153994 0.346131 1.000000 1.675555
0.173745 0.520145 0.496340 0.596817 1.000000

Matrix 49:
1.000000 5.581576 4.385578 2.522794 5.179159
0.179161 1.000000 2.769722 3.268262 4.626649
0.228020 0.361047 1.000000 4.106912 2.276264
0.396386 0.305973 0.243492 1.000000 6.002584
0.193082 0.216139 0.439316 0.166595 1.000000

Matrix 50:
1.000000 4.972590 3.131209 2.160209 6.063383
0.201102 1.000000 4.542066 5.202910 6.143074
0.319365 0.220164 1.000000 3.119235 4.629742
0.462918 0.192200 0.320591 1.000000 6.452897
0.164924 0.162785 0.215995 0.154969 1.000000

Matrix 51:
1.000000 4.687820 6.800034 4.189860 3.821404
0.213319 1.000000 3.450844 6.357583 5.024239
0.147058 0.289784 1.000000 2.486752 1.617294
0.238671 0.157292 0.402131 1.000000 1.938258
0.261684 0.199035 0.618317 0.515927 1.000000

Matrix 52:
1.000000 4.338577 6.912910 5.298453 2.500330
0.230490 1.000000 2.573101 4.733660 1.639320
0.144657 0.388636 1.000000 6.561405 2.983990
0.188734 0.211253 0.152406 1.000000 5.492817
0.399947 0.610009 0.335122 0.182056 1.000000

Matrix 53:
1.000000 1.790624 5.896131 3.045888 5.323556
0.558464 1.000000 3.235066 4.582531 2.951503
0.169603 0.309113 1.000000 2.320067 1.724186
0.328312 0.218220 0.431022 1.000000 2.284860
0.187844 0.338810 0.579984 0.437664 1.000000

Matrix 54:
1.000000 6.690582 6.308462 5.934913 1.536080
0.149464 1.000000 1.712510 4.175454 6.208847
0.158517 0.583938 1.000000 5.587655 1.671450
0.168494 0.239495 0.178966 1.000000 3.498391
0.651008 0.161060 0.598283 0.285846 1.000000

Matrix 55:
1.000000 1.251770 4.049108 3.827053 6.130354
0.798869 1.000000 6.194648 6.108818 1.152455
0.246968 0.161430 1.000000 3.271811 2.576758
0.261298 0.163698 0.305641 1.000000 2.942975
0.163123 0.867713 0.388085 0.339792 1.000000

Matrix 56:
1.000000 1.152133 2.809616 6.670369 3.240446
0.867955 1.000000 4.472785 1.092867 4.299884
0.355921 0.223574 1.000000 4.439562 4.982634
0.149917 0.915024 0.225247 1.000000 3.945667
0.308600 0.232564 0.200697 0.253443 1.000000

Matrix 57:
1.000000 6.034849 5.414094 3.884205 5.100219
0.165704 1.000000 6.803191 4.773222 5.241541
0.184703 0.146990 1.000000 4.779537 2.652998
0.257453 0.209502 0.209225 1.000000 2.001883
0.196070 0.190784 0.376932 0.499530 1.000000

Matrix 58:
1.000000 1.097275 6.258105 5.503377 1.606274
0.911348 1.000000 1.472257 2.415758 3.330955
0.159793 0.679229 1.000000 2.561201 6.244954
0.181707 0.413949 0.390442 1.000000 1.482485
0.622559 0.300214 0.160129 0.674543 1.000000

Matrix 59:
1.000000 2.904325 1.319137 2.462193 5.928476
0.344314 1.000000 6.943491 2.060200 1.717845
0.758071 0.144020 1.000000 1.169843 1.638966
0.406142 0.485390 0.854816 1.000000 5.494745
0.168677 0.582125 0.610141 0.181992 1.000000

Matrix 60:
1.000000 3.027257 6.429490 5.280787 6.957791
0.330332 1.000000 4.398524 5.054187 6.876517
0.155533 0.227349 1.000000 3.408451 2.917915
0.189366 0.197856 0.293388 1.000000 5.656479
0.143724 0.145422 0.342710 0.176788 1.000000

Matrix 61:
1.000000 5.226860 4.142006 2.816977 6.901102
0.191319 1.000000 5.108512 3.885108 4.141376
0.241429 0.195752 1.000000 2.988904 2.354221
0.354991 0.257393 0.334571 1.000000 5.223257
0.144904 0.241466 0.424769 0.191451 1.000000

Matrix 62:
1.000000 6.176770 3.396820 3.232009 2.356173
0.161897 1.000000 4.593703 4.751828 1.170455
0.294393 0.217689 1.000000 2.329178 2.946648
0.309405 0.210445 0.429336 1.000000 2.383646
0.424417 0.854368 0.339369 0.419525 1.000000

Matrix 63:
1.000000 6.860182 6.502537 5.532976 5.335474
0.145769 1.000000 4.478002 5.136568 2.445504
0.153786 0.223314 1.000000 1.601225 6.140019
0.180735 0.194683 0.624522 1.000000 2.601710
0.187425 0.408914 0.162866 0.384363 1.000000

Matrix 64:
1.000000 2.159030 2.864061 3.979442 3.844052
0.463171 1.000000 1.992819 3.840655 3.034875
0.349155 0.501802 1.000000 5.775523 1.209992
0.251292 0.260372 0.173145 1.000000 2.578199
0.260142 0.329503 0.826452 0.387868 1.000000

Matrix 65:
1.000000 4.831808 2.303593 5.346319 4.972083
0.206962 1.000000 3.478787 4.231147 4.000134
0.434104 0.287457 1.000000 2.930010 6.541906
0.187045 0.236343 0.341296 1.000000 3.339685
0.201123 0.249992 0.152861 0.299429 1.000000

Matrix 66:
1.000000 5.484608 1.732803 4.887467 6.000978
0.182328 1.000000 3.495186 2.292653 2.723283
0.577100 0.286108 1.000000 6.258658 3.053956
0.204605 0.436176 0.159779 1.000000 1.472475
0.166639 0.367204 0.327444 0.679129 1.000000

Matrix 67:
1.000000 6.997982 1.751562 5.917957 5.154313
0.142898 1.000000 4.509286 4.296486 4.646454
0.570919 0.221765 1.000000 3.639255 3.126112
0.168977 0.232748 0.274782 1.000000 3.686637
0.194012 0.215218 0.319886 0.271250 1.000000

Matrix 68:
1.000000 1.321693 4.235093 3.122415 2.635978
0.756605 1.000000 5.664393 1.383205 3.961661
0.236122 0.176541 1.000000 4.970600 3.109761
0.320265 0.722959 0.201183 1.000000 3.813270
0.379366 0.252419 0.321568 0.262242 1.000000

Matrix 69:
1.000000 2.339263 3.131673 2.308669 5.579473
0.427485 1.000000 3.710951 6.847295 4.979295
0.319318 0.269473 1.000000 1.765914 2.247426
0.433150 0.146043 0.566279 1.000000 5.869117
0.179228 0.200832 0.444953 0.170383 1.000000

Matrix 70:
1.000000 5.984172 3.089026 2.799015 5.469958
0.167107 1.000000 6.116518 1.210828 3.634885
0.323727 0.163492 1.000000 3.818805 3.033139
0.357269 0.825881 0.261862 1.000000 5.180378
0.182817 0.275112 0.329691 0.193036 1.000000

Matrix 71:
1.000000 2.407452 5.440627 4.426815 6.084364
0.415377 1.000000 6.443598 2.001157 4.018988
0.183802 0.155193 1.000000 3.630745 5.077472
0.225896 0.499711 0.275426 1.000000 1.708645
0.164356 0.248819 0.196948 0.585259 1.000000

Matrix 72:
1.000000 6.896107 1.716482 4.599164 6.887697
0.145009 1.000000 1.758279 1.130948 4.421012
0.582587 0.568738 1.000000 2.493047 1.333088
0.217431 0.884214 0.401116 1.000000 1.867709
0.145186 0.226193 0.750138 0.535415 1.000000

Matrix 73:
1.000000 1.920210 3.062753 1.304306 1.623103
0.520776 1.000000 1.395809 4.204065 2.405618
0.326504 0.716430 1.000000 4.246631 5.470527
0.766691 0.237865 0.235481 1.000000 3.081905
0.616104 0.415694 0.182798 0.324475 1.000000

Matrix 74:
1.000000 5.634646 2.911309 2.856251 5.872476
0.177473 1.000000 3.934037 6.565863 3.136217
0.343488 0.254192 1.000000 6.742705 4.935682
0.350109 0.152303 0.148308 1.000000 2.096589
0.170286 0.318855 0.202606 0.476965 1.000000

Matrix 75:
1.000000 4.578892 2.828550 1.648932 4.645045
0.218393 1.000000 4.598668 6.678062 3.032030
0.353538 0.217454 1.000000 1.343134 3.242056
0.606453 0.149744 0.744527 1.000000 5.012167
0.215283 0.329812 0.308446 0.199514 1.000000

Matrix 76:
1.000000 6.073662 6.684421 4.900618 1.574261
0.164645 1.000000 3.201729 5.743730 2.205677
0.149602 0.312331 1.000000 2.673618 1.182888
0.204056 0.174103 0.374025 1.000000 4.699941
0.635219 0.453376 0.845389 0.212769 1.000000

Matrix 77:
1.000000 1.852871 5.810991 1.226749 5.004628
0.539703 1.000000 6.493144 4.474924 5.200388
0.172088 0.154009 1.000000 5.193709 3.426478
0.815163 0.223467 0.192541 1.000000 2.055798
0.199815 0.192293 0.291845 0.486429 1.000000

Matrix 78:
1.000000 5.807974 2.520101 4.197000 1.351893
0.172177 1.000000 1.290602 5.758275 3.887307
0.396810 0.774832 1.000000 2.181526 1.112824
0.238265 0.173663 0.458395 1.000000 3.820653
0.739704 0.257248 0.898615 0.261735 1.000000

Matrix 79:
1.000000 6.377244 2.972922 2.887473 6.253148
0.156808 1.000000 1.832759 6.039676 1.310913
0.336369 0.545625 1.000000 1.895320 3.109893
0.346324 0.165572 0.527616 1.000000 6.657315
0.159919 0.762827 0.321554 0.150211 1.000000

Matrix 80:
1.000000 3.712165 4.568472 2.131103 5.569368
0.269385 1.000000 3.254311 2.721932 2.885182
0.218892 0.307285 1.000000 5.039736 3.590449
0.469241 0.367386 0.198423 1.000000 4.623740
0.179554 0.346599 0.278517 0.216275 1.000000

Matrix 81:
1.000000 1.966441 5.596716 4.117697 2.805413
0.508533 1.000000 5.187218 3.717095 4.239015
0.178676 0.192782 1.000000 5.827368 2.248873
0.242854 0.269027 0.171604 1.000000 4.459512
0.356454 0.235904 0.444667 0.224240 1.000000

Matrix 82:
1.000000 4.644760 5.159805 1.243731 2.080066
0.215296 1.000000 5.663337 1.936206 1.072794
0.193806 0.176574 1.000000 4.115435 2.396118
0.804032 0.516474 0.242988 1.000000 2.406234
0.480754 0.932145 0.417342 0.415587 1.000000

Matrix 83:
1.000000 4.038281 5.100630 4.891849 1.708257
0.247630 1.000000 4.452479 1.699540 5.371375
0.196054 0.224594 1.000000 2.004278 1.169038
0.204422 0.588395 0.498933 1.000000 4.798079
0.585392 0.186172 0.855404 0.208417 1.000000

Matrix 84:
1.000000 5.842071 1.793882 2.659729 3.551208
0.171172 1.000000 2.656957 5.332657 3.403767
0.557450 0.376370 1.000000 1.953258 1.041213
0.375978 0.187524 0.511965 1.000000 2.202068
0.281594 0.293792 0.960419 0.454119 1.000000

Matrix 85:
1.000000 1.069127 4.495166 6.638090 6.749901
0.935343 1.000000 2.120467 4.739790 2.964851
0.222461 0.471594 1.000000 1.463693 6.560776
0.150646 0.210980 0.683204 1.000000 3.354998
0.148150 0.337285 0.152421 0.298063 1.000000

Matrix 86:
1.000000 6.870125 5.554250 6.193594 3.469121
0.145558 1.000000 1.445468 4.078899 6.677333
0.180042 0.691817 1.000000 3.298227 5.776038
0.161457 0.245164 0.303193 1.000000 2.188377
0.288257 0.149760 0.173129 0.456960 1.000000

Matrix 87:
1.000000 4.756865 1.256021 4.021686 4.754145
0.210222 1.000000 6.773442 6.007602 2.944326
0.796165 0.147635 1.000000 4.351823 2.974883
0.248652 0.166456 0.229789 1.000000 2.630334
0.210343 0.339636 0.336148 0.380180 1.000000

Matrix 88:
1.000000 6.954310 4.349900 3.210855 4.824322
0.143796 1.000000 1.737709 2.504785 5.032074
0.229890 0.575470 1.000000 6.457152 1.345253
0.311444 0.399236 0.154867 1.000000 4.869357
0.207283 0.198725 0.743355 0.205366 1.000000

Matrix 89:
1.000000 3.354384 4.508057 6.935434 4.173430
0.298117 1.000000 1.169640 1.068039 4.185797
0.221825 0.854964 1.000000 2.814237 2.435387
0.144187 0.936295 0.355336 1.000000 1.198572
0.239611 0.238903 0.410612 0.834326 1.000000

Matrix 90:
1.000000 3.910279 6.120385 1.548472 6.624691
0.255736 1.000000 3.727772 1.220601 4.483253
0.163388 0.268257 1.000000 6.032236 3.743275
0.645798 0.819269 0.165776 1.000000 2.004929
0.150950 0.223052 0.267146 0.498771 1.000000

Matrix 91:
1.000000 3.153144 1.616594 5.350517 5.868055
0.317144 1.000000 4.426437 4.796393 2.053380
0.618585 0.225915 1.000000 1.790355 6.321310
0.186898 0.208490 0.558548 1.000000 2.327202
0.170414 0.487002 0.158195 0.429701 1.000000

Matrix 92:
1.000000 4.318282 5.883157 2.883709 2.374244
0.231574 1.000000 4.609968 2.596838 2.477572
0.169977 0.216921 1.000000 3.746948 2.975884
0.346776 0.385084 0.266884 1.000000 1.534854
0.421187 0.403621 0.336035 0.651528 1.000000

Matrix 93:
1.000000 2.037635 4.589457 3.193685 4.089351
0.490765 1.000000 1.179849 2.549272 2.286483
0.217891 0.847566 1.000000 4.028081 5.347402
0.313118 0.392269 0.248257 1.000000 2.660324
0.244538 0.437353 0.187007 0.375894 1.000000

Matrix 94:
1.000000 1.897421 1.596217 5.436490 1.898740
0.527031 1.000000 2.131246 1.567561 2.988209
0.626481 0.469209 1.000000 4.572237 4.931056
0.183942 0.637934 0.218711 1.000000 5.588384
0.526665 0.334649 0.202796 0.178943 1.000000

Matrix 95:
1.000000 5.601348 5.075924 5.770746 2.299007
0.178528 1.000000 6.148487 3.312451 1.554586
0.197008 0.162642 1.000000 3.549681 4.797974
0.173288 0.301891 0.281715 1.000000 5.407402
0.434970 0.643258 0.208421 0.184932 1.000000

Matrix 96:
1.000000 5.117690 5.666627 4.907886 2.336055
0.195401 1.000000 2.056421 4.054998 5.762027
0.176472 0.486282 1.000000 6.579873 3.338919
0.203754 0.246609 0.151979 1.000000 6.760453
0.428072 0.173550 0.299498 0.147919 1.000000

Matrix 97:
1.000000 4.571041 4.941426 6.820845 4.960359
0.218769 1.000000 6.221579 6.594087 3.487051
0.202371 0.160731 1.000000 5.332649 4.199348
0.146609 0.151651 0.187524 1.000000 4.917352
0.201598 0.286775 0.238132 0.203361 1.000000

Matrix 98:
1.000000 6.448679 1.629438 4.464131 3.411863
0.155071 1.000000 1.073487 3.139023 4.510609
0.613709 0.931543 1.000000 2.385191 1.937703
0.224008 0.318570 0.419254 1.000000 6.267316
0.293095 0.221700 0.516075 0.159558 1.000000

Matrix 99:
1.000000 6.897165 4.221061 5.121546 3.607361
0.144987 1.000000 3.811940 5.511586 6.937947
0.236907 0.262334 1.000000 6.499449 1.251750
0.195254 0.181436 0.153859 1.000000 3.333330
0.277211 0.144135 0.798882 0.300000 1.000000

Matrix 100:
1.000000 5.684367 3.880304 6.465341 2.943606
0.175921 1.000000 6.408161 2.655796 5.961613
0.257712 0.156051 1.000000 2.048005 2.020649
0.154671 0.376535 0.488280 1.000000 2.764915
0.339719 0.167740 0.494890 0.361675 1.000000

