Matrix 1:
1.000000 5.382063 6.811132 2.579718
0.185802 1.000000 1.894257 2.893701
0.146818 0.527911 1.000000 4.006530
0.387639 0.345578 0.249593 1.000000

Matrix 2:
1.000000 6.121489 3.729732 4.308228
0.163359 1.000000 2.900117 4.044126
0.268116 0.344814 1.000000 3.154493
0.232114 0.247272 0.317008 1.000000

Matrix 3:
1.000000 1.901819 1.336432 4.309547
0.525812 1.000000 4.180017 1.347204
0.748261 0.239233 1.000000 1.357667
0.232043 0.742278 0.736557 1.000000

Matrix 4:
1.000000 2.012138 6.674902 5.778880
0.496984 1.000000 3.969682 4.784936
0.149815 0.251909 1.000000 1.772485
0.173044 0.208989 0.564180 1.000000

Matrix 5:
1.000000 5.030724 4.127363 1.511879
0.198779 1.000000 2.578295 2.159621
0.242285 0.387853 1.000000 1.971925
0.661428 0.463044 0.507119 1.000000

Matrix 6:
1.000000 4.713605 6.462660 3.116938
0.212152 1.000000 1.685870 1.614475
0.154735 0.593165 1.000000 3.289770
0.320828 0.619396 0.303973 1.000000

Matrix 7:
1.000000 3.448550 5.361681 6.142558
0.289977 1.000000 2.793850 5.107837
0.186509 0.357929 1.000000 1.048945
0.162799 0.195778 0.953338 1.000000

Matrix 8:
1.000000 5.797900 3.765198 4.998241
0.172476 1.000000 6.809890 1.128450
0.265590 0.146845 1.000000 4.142940
0.200070 0.886172 0.241374 1.000000

Matrix 9:
1.000000 2.467938 5.233092 3.408670
0.405197 1.000000 5.225445 3.195088
0.191092 0.191371 1.000000 6.942016
0.293370 0.312980 0.144050 1.000000

Matrix 10:
1.000000 3.846497 1.431747 3.269563
0.259977 1.000000 4.853660 5.205105
0.698447 0.206030 1.000000 1.942859
0.305851 0.192119 0.514706 1.000000

Matrix 11:
1.000000 1.297967 2.526834 3.152452
0.770436 1.000000 4.907813 1.979845
0.395752 0.203757 1.000000 4.486154
0.317213 0.505090 0.222908 1.000000

Matrix 12:
1.000000 2.399303 2.303394 6.532284
0.416788 1.000000 1.605232 6.019614
0.434142 0.622963 1.000000 1.899233
0.153086 0.166124 0.526528 1.000000

Matrix 13:
1.000000 5.822237 4.583064 6.372959
0.171755 1.000000 3.918351 5.459148
0.218195 0.255209 1.000000 4.590294
0.156913 0.183179 0.217851 1.000000

Matrix 14:
1.000000 4.827938 4.652553 1.466836
0.207128 1.000000 4.309350 6.783163
0.214936 0.232054 1.000000 4.865257
0.681739 0.147424 0.205539 1.000000

Matrix 15:
1.000000 6.874796 1.487148 2.785611
0.145459 1.000000 6.996416 5.646861
0.672428 0.142930 1.000000 3.155066
0.358988 0.177090 0.316951 1.000000

Matrix 16:
1.000000 3.552637 1.429685 6.117665
0.281481 1.000000 2.263640 3.471998
0.699455 0.441766 1.000000 4.684344
0.163461 0.288019 0.213477 1.000000

Matrix 17:
1.000000 3.590473 1.192823 1.337862
0.278515 1.000000 3.806314 4.946980
0.838347 0.262721 1.000000 1.193279
0.747461 0.202144 0.838027 1.000000

Matrix 18:
1.000000 1.609207 6.359376 6.488321
0.621424 1.000000 3.130882 3.533161
0.157248 0.319399 1.000000 6.457043
0.154123 0.283033 0.154870 1.000000

Matrix 19:
1.000000 6.312221 4.181906 4.122448
0.158423 1.000000 2.122070 6.862360
0.239125 0.471238 1.000000 4.212036
0.242574 0.145722 0.237415 1.000000

Matrix 20:
1.000000 5.705626 2.248183 5.412605
0.175266 1.000000 5.083821 5.774885
0.444804 0.196702 1.000000 2.493022
0.184754 0.173164 0.401120 1.000000

Matrix 21:
1.000000 4.567958 4.725830 2.576368
0.218916 1.000000 6.171284 5.981376
0.211603 0.162041 1.000000 6.393365
0.388143 0.167186 0.156412 1.000000

Matrix 22:
1.000000 3.036414 4.818910 4.229819
0.329336 1.000000 3.182044 3.979533
0.207516 0.314263 1.000000 5.053885
0.236417 0.251286 0.197868 1.000000

Matrix 23:
1.000000 5.254041 3.233241 3.377603
0.190330 1.000000 1.473756 3.670819
0.309287 0.678538 1.000000 4.590038
0.296068 0.272419 0.217863 1.000000

Matrix 24:
1.000000 2.453186 4.319630 5.090300
0.407633 1.000000 2.583472 3.838604
0.231501 0.387076 1.000000 4.561675
0.196452 0.260511 0.219218 1.000000

Matrix 25:
1.000000 2.724734 1.785125 2.919512
0.367008 1.000000 2.821366 1.840070
0.560185 0.354438 1.000000 2.821346
0.342523 0.543458 0.354441 1.000000

Matrix 26:
1.000000 2.885734 6.924443 1.002732
0.346532 1.000000 1.127704 2.600559
0.144416 0.886758 1.000000 5.356261
0.997276 0.384533 0.186697 1.000000

Matrix 27:
1.000000 2.864648 1.007666 1.797209
0.349083 1.000000 3.902300 3.615444
0.992392 0.256259 1.000000 4.158200
0.556418 0.276591 0.240489 1.000000

Matrix 28:
1.000000 4.658271 4.147267 1.757331
0.214672 1.000000 3.122224 4.434095
0.241123 0.320285 1.000000 6.752653
0.569045 0.225525 0.148090 1.000000

Matrix 29:
1.000000 1.381126 1.823540 5.244101
0.724047 1.000000 6.517670 3.066814
0.548384 0.153429 1.000000 1.594719
0.190690 0.326071 0.627070 1.000000

Matrix 30:
1.000000 1.158523 2.209964 6.510173
0.863168 1.000000 3.849808 1.251340
0.452496 0.259753 1.000000 2.632120
0.153606 0.799143 0.379922 1.000000

Matrix 31:
1.000000 4.958033 5.766138 5.264555
0.201693 1.000000 1.247687 2.118229
0.173426 0.801483 1.000000 4.756483
0.189950 0.472093 0.210239 1.000000

Matrix 32:
1.000000 4.011241 5.404429 1.299177
0.249299 1.000000 2.768055 1.262033
0.185033 0.361265 1.000000 1.883757
0.769718 0.792373 0.530854 1.000000

Matrix 33:
1.000000 6.912801 2.811086 1.769149
0.144659 1.000000 3.449282 3.593218
0.355734 0.289915 1.000000 6.576218
0.565243 0.278302 0.152063 1.000000

Matrix 34:
1.000000 1.087885 2.829766 6.970028
0.919215 1.000000 2.507130 3.446750
0.353386 0.398862 1.000000 2.815617
0.143471 0.290128 0.355162 1.000000

Matrix 35:
1.000000 6.437332 4.477936 1.644080
0.155344 1.000000 1.050677 4.034078
0.223317 0.951767 1.000000 2.452209
0.608243 0.247888 0.407796 1.000000

Matrix 36:
1.000000 5.560316 2.609241 3.973297
0.179846 1.000000 4.811878 2.824939
0.383253 0.207819 1.000000 2.391724
0.251680 0.353990 0.418108 1.000000

Matrix 37:
1.000000 2.918330 5.372690 2.788195
0.342662 1.000000 5.229387 6.668212
0.186127 0.191227 1.000000 1.035438
0.358655 0.149965 0.965775 1.000000

Matrix 38:
1.000000 5.449011 6.817317 1.071130
0.183520 1.000000 3.469634 3.411568
0.146685 0.288215 1.000000 5.161528
0.933593 0.293120 0.193741 1.000000

Matrix 39:
1.000000 5.875135 1.177499 3.927004
0.170209 1.000000 5.812081 6.115832
0.849258 0.172055 1.000000 3.409476
0.254647 0.163510 0.293300 1.000000

Matrix 40:
1.000000 6.732034 2.946176 5.337225
0.148544 1.000000 4.455594 1.941188
0.339423 0.224437 1.000000 1.648868
0.187363 0.515148 0.606477 1.000000

Matrix 41:
1.000000 4.713688 1.816083 4.991399
0.212148 1.000000 5.337692 1.603267
0.550636 0.187347 1.000000 6.969182
0.200345 0.623726 0.143489 1.000000

Matrix 42:
1.000000 6.638654 2.542845 2.010857
0.150633 1.000000 3.215380 1.368022
0.393260 0.311005 1.000000 4.221196
0.497300 0.730982 0.236900 1.000000

Matrix 43:
1.000000 6.542022 5.118968 3.207540
0.152858 1.000000 2.114858 1.469398
0.195352 0.472845 1.000000 6.545039
0.311765 0.680551 0.152787 1.000000

Matrix 44:
1.000000 6.114922 3.202442 6.955826
0.163534 1.000000 3.649116 6.051952
0.312262 0.274039 1.000000 2.439821
0.143764 0.165236 0.409866 1.000000

Matrix 45:
1.000000 1.648416 4.999937 5.468847
0.606643 1.000000 6.008028 5.532253
0.200003 0.166444 1.000000 4.367093
0.182854 0.180758 0.228985 1.000000

Matrix 46:
1.000000 2.332925 5.661968 3.479060
0.428646 1.000000 1.283378 3.712173
0.176617 0.779194 1.000000 1.344763
0.287434 0.269384 0.743626 1.000000

Matrix 47:
1.000000 6.192769 2.958628 4.015151
0.161479 1.000000 1.477746 4.988923
0.337994 0.676706 1.000000 1.806016
0.249057 0.200444 0.553705 1.000000

Matrix 48:
1.000000 5.332463 1.222095 1.066368
0.187531 1.000000 6.127696 3.406893
0.818267 0.163193 1.000000 1.042490
0.937762 0.293523 0.959242 1.000000

Matrix 49:
1.000000 5.106898 4.656858 1.936814
0.195814 1.000000 4.125134 4.690290
0.214737 0.242416 1.000000 1.719764
0.516312 0.213206 0.581475 1.000000

Matrix 50:
1.000000 4.530795 5.049009 1.707334
0.220712 1.000000 2.416316 6.088527
0.198059 0.413853 1.000000 6.267441
0.585708 0.164243 0.159555 1.000000

Matrix 51:
1.000000 4.112100 4.889316 4.058207
0.243185 1.000000 5.894665 4.251072
0.204528 0.169645 1.000000 2.389679
0.246414 0.235235 0.418466 1.000000

Matrix 52:
1.000000 3.446077 1.940524 6.911623
0.290185 1.000000 2.726756 6.281521
0.515325 0.366736 1.000000 4.899972
0.144684 0.159197 0.204083 1.000000

Matrix 53:
1.000000 4.605356 2.310686 1.302194
0.217138 1.000000 4.453286 4.093159
0.432772 0.224553 1.000000 5.407569
0.767935 0.244310 0.184926 1.000000

Matrix 54:
1.000000 2.745418 6.992380 5.828793
0.364243 1.000000 2.037344 5.303870
0.143013 0.490835 1.000000 4.709375
0.171562 0.188542 0.212342 1.000000

Matrix 55:
1.000000 5.737252 6.875646 3.765797
0.174299 1.000000 6.782332 1.179065
0.145441 0.147442 1.000000 3.030818
0.265548 0.848130 0.329944 1.000000

Matrix 56:
1.000000 3.324864 6.920247 1.121313
0.300764 1.000000 6.013494 2.346307
0.144504 0.166293 1.000000 2.151779
0.891811 0.426202 0.464732 1.000000

Matrix 57:
1.000000 6.976734 3.596822 1.590240
0.143334 1.000000 5.839486 4.863409
0.278023 0.171248 1.000000 3.235699
0.628836 0.205617 0.309052 1.000000

Matrix 58:
1.000000 1.235656 2.034705 2.493178
0.809286 1.000000 2.046139 6.373413
0.491472 0.488725 1.000000 1.579950
0.401095 0.156902 0.632931 1.000000

Matrix 59:
1.000000 2.073756 2.897115 4.196718
0.482217 1.000000 2.822478 3.100404
0.345171 0.354299 1.000000 4.913254
0.238281 0.322539 0.203531 1.000000

Matrix 60:
1.000000 6.328004 6.487065 6.491526
0.158028 1.000000 1.764789 5.850517
0.154153 0.566640 1.000000 4.550536
0.154047 0.170925 0.219754 1.000000

Matrix 61:
1.000000 1.418006 2.156649 6.545036
0.705216 1.000000 3.660663 5.706937
0.463682 0.273175 1.000000 6.176441
0.152788 0.175225 0.161906 1.000000

Matrix 62:
1.000000 4.488792 6.407232 6.737620
0.222777 1.000000 5.844397 3.453993
0.156074 0.171104 1.000000 3.978858
0.148420 0.289520 0.251328 1.000000

Matrix 63:
1.000000 1.706043 5.782055 6.374077
0.586152 1.000000 5.974702 6.586721
0.172949 0.167372 1.000000 1.787430
0.156885 0.151821 0.559462 1.000000

Matrix 64:
1.000000 6.759984 6.102078 2.141480
0.147929 1.000000 4.116220 3.307828
0.163879 0.242941 1.000000 2.148061
0.466967 0.302313 0.465536 1.000000

Matrix 65:
1.000000 1.145324 1.875416 1.826587
0.873115 1.000000 6.500692 6.831664
0.533215 0.153830 1.000000 3.608848
0.547469 0.146377 0.277097 1.000000

Matrix 66:
1.000000 6.683508 4.445054 1.924853
0.149622 1.000000 5.118168 3.540194
0.224969 0.195382 1.000000 3.299839
0.519520 0.282470 0.303045 1.000000

Matrix 67:
1.000000 5.855388 5.955821 2.775690
0.170783 1.000000 6.970027 6.706511
0.167903 0.143471 1.000000 5.909692
0.360271 0.149109 0.169214 1.000000

Matrix 68:
1.000000 1.256529 5.644881 5.499550
0.795843 1.000000 2.795874 5.360256
0.177152 0.357670 1.000000 3.303149
0.181833 0.186558 0.302741 1.000000

Matrix 69:
1.000000 1.203435 3.065421 6.463204
0.830954 1.000000 4.842673 1.983137
0.326219 0.206498 1.000000 4.505141
0.154722 0.504252 0.221969 1.000000

Matrix 70:
1.000000 6.231999 5.852634 2.198751
0.160462 1.000000 5.639303 3.621981
0.170863 0.177327 1.000000 5.035646
0.454804 0.276092 0.198584 1.000000

Matrix 71:
1.000000 6.048051 3.280010 2.770102
0.165343 1.000000 1.338391 2.831612
0.304877 0.747166 1.000000 2.504215
0.360998 0.353156 0.399327 1.000000

Matrix 72:
1.000000 2.632111 5.758604 3.794209
0.379923 1.000000 5.676478 5.044307
0.173653 0.176166 1.000000 6.617592
0.263560 0.198243 0.151112 1.000000

Matrix 73:
1.000000 1.598207 4.054067 6.059047
0.625701 1.000000 3.019184 2.152186
0.246666 0.331215 1.000000 3.875458
0.165042 0.464644 0.258034 1.000000

Matrix 74:
1.000000 3.461201 2.393306 4.549377
0.288917 1.000000 6.941434 4.068042
0.417832 0.144062 1.000000 3.462757
0.219810 0.245819 0.288787 1.000000

Matrix 75:
1.000000 4.351071 4.252329 5.395814
0.229828 1.000000 3.184562 1.112421
0.235165 0.314015 1.000000 2.252418
0.185329 0.898940 0.443967 1.000000

Matrix 76:
1.000000 4.789855 4.272356 6.228071
0.208775 1.000000 2.471339 5.864995
0.234063 0.404639 1.000000 1.981433
0.160563 0.170503 0.504685 1.000000

Matrix 77:
1.000000 6.511861 6.185792 6.421732
0.153566 1.000000 3.650262 3.204189
0.161661 0.273953 1.000000 4.937184
0.155721 0.312091 0.202545 1.000000

Matrix 78:
1.000000 4.098077 5.163405 1.218105
0.244017 1.000000 5.535418 2.799789
0.193671 0.180655 1.000000 1.732849
0.820948 0.357170 0.577084 1.000000

Matrix 79:
1.000000 2.243324 3.928186 3.142957
0.445767 1.000000 5.189361 2.916072
0.254570 0.192702 1.000000 5.011533
0.318172 0.342927 0.199540 1.000000

Matrix 80:
1.000000 3.503500 3.331829 2.551055
0.285429 1.000000 2.497386 3.836902
0.300135 0.400419 1.000000 6.647777
0.391995 0.260627 0.150426 1.000000

Matrix 81:
1.000000 2.196307 5.884924 4.074078
0.455310 1.000000 2.296104 5.680758
0.169926 0.435520 1.000000 3.941656
0.245454 0.176033 0.253700 1.000000

Matrix 82:
1.000000 1.078911 2.183175 4.711267
0.926861 1.000000 2.911120 1.639453
0.458049 0.343510 1.000000 1.240002
0.212257 0.609959 0.806450 1.000000

Matrix 83:
1.000000 3.267847 2.349865 2.396962
0.306012 1.000000 5.599608 1.067255
0.425556 0.178584 1.000000 1.997800
0.417195 0.936983 0.500551 1.000000

Matrix 84:
1.000000 4.718043 1.243869 4.808979
0.211952 1.000000 1.577689 1.810519
0.803943 0.633838 1.000000 3.393251
0.207944 0.552328 0.294703 1.000000

Matrix 85:
1.000000 3.771400 1.960412 4.990431
0.265153 1.000000 5.236879 1.239850
0.510097 0.190953 1.000000 2.211206
0.200383 0.806549 0.452242 1.000000

Matrix 86:
1.000000 6.070641 2.667792 3.042638
0.164727 1.000000 3.512142 5.605583
0.374842 0.284727 1.000000 4.509053
0.328662 0.178394 0.221776 1.000000

Matrix 87:
1.000000 5.807230 1.598063 2.907144
0.172199 1.000000 6.910063 5.575651
0.625758 0.144716 1.000000 3.308352
0.343980 0.179351 0.302265 1.000000

Matrix 88:
1.000000 1.856616 6.294831 6.124751
0.538614 1.000000 6.246735 6.234764
0.158861 0.160084 1.000000 6.895952
0.163272 0.160391 0.145013 1.000000

Matrix 89:
1.000000 1.011740 6.336880 5.655802
0.988396 1.000000 4.876496 4.738110
0.157806 0.205065 1.000000 5.656097
0.176810 0.211055 0.176800 1.000000

Matrix 90:
1.000000 4.757133 1.101121 6.969341
0.210211 1.000000 6.355438 2.394245
0.908166 0.157346 1.000000 3.006711
0.143486 0.417668 0.332589 1.000000

Matrix 91:
1.000000 6.670511 5.982043 5.216716
0.149914 1.000000 1.190428 4.772151
0.167167 0.840034 1.000000 3.031022
0.191691 0.209549 0.329922 1.000000

Matrix 92:
1.000000 3.135231 1.321144 2.342570
0.318956 1.000000 2.322673 2.206567
0.756920 0.430538 1.000000 6.809759
0.426882 0.453193 0.146848 1.000000

Matrix 93:
1.000000 6.314516 2.957888 4.029595
0.158365 1.000000 5.458927 3.128624
0.338079 0.183186 1.000000 3.248637
0.248164 0.319629 0.307821 1.000000

Matrix 94:
1.000000 4.500445 3.042099 6.351153
0.222200 1.000000 6.279689 5.031337
0.328720 0.159244 1.000000 6.011206
0.157452 0.198754 0.166356 1.000000

Matrix 95:
1.000000 6.297959 4.482174 4.166901
0.158782 1.000000 2.202136 2.193432
0.223106 0.454105 1.000000 2.694236
0.239987 0.455907 0.371163 1.000000

Matrix 96:
1.000000 5.956742 5.054625 1.048609
0.167877 1.000000 1.289534 5.041405
0.197839 0.775474 1.000000 3.140529
0.953645 0.198357 0.318418 1.000000

Matrix 97:
1.000000 5.119382 6.783351 2.085413
0.195336 1.000000 3.793563 1.354015
0.147420 0.263604 1.000000 5.185724
0.479521 0.738544 0.192837 1.000000

Matrix 98:
1.000000 2.768059 3.911827 5.558271
0.361264 1.000000 5.000050 1.238786
0.255635 0.199998 1.000000 5.504871
0.179912 0.807242 0.181657 1.000000

Matrix 99:
1.000000 2.656130 6.157344 1.503551
0.376488 1.000000 3.878577 3.948211
0.162408 0.257827 1.000000 4.504217
0.665092 0.253279 0.222014 1.000000

Matrix 100:
1.000000 2.439398 2.021390 5.858793
0.409937 1.000000 4.848673 5.757778
0.494709 0.206242 1.000000 6.742944
0.170684 0.173678 0.148303 1.000000

