Matrix 1:
1.0 0.848646 1.96249 0.941448 3.917774
1.178348 1.0 2.642892 2.381463 ?
0.509557 0.378373 1.0 4.71121 ?
1.062194 0.41991 0.21226 1.0 1.125789
0.255247 ? ? 0.888266 1.0

Matrix 2:
1.0 2.476895 1.816392 1.685041 1.501766
0.403731 1.0 0.648594 ? 2.561625
0.550542 1.541797 1.0 1.527631 ?
0.593457 ? 0.654608 1.0 1.115904
0.665883 0.390377 ? 0.896134 1.0

Matrix 3:
1.0 ? 3.959098 3.003943 4.294453
? 1.0 1.837594 3.292516 3.154087
0.252583 0.54419 1.0 4.348826 ?
0.332896 0.303719 0.229947 1.0 2.324548
0.232859 0.317049 ? 0.430191 1.0

Matrix 4:
1.0 2.936259 3.776175 3.815456 4.091938
0.340569 1.0 0.46655 ? 2.693959
0.264818 2.143393 1.0 1.447516 1.266448
0.262092 ? 0.690839 1.0 ?
0.244383 0.371201 0.78961 ? 1.0

Matrix 5:
1.0 0.508789 ? 0.958614 4.984534
1.965451 1.0 3.83989 ? 0.809503
? 0.260424 1.0 3.160929 1.949446
1.043173 ? 0.316363 1.0 1.339299
0.200621 1.235326 0.512966 0.746659 1.0

Matrix 6:
1.0 4.69242 2.310611 ? 4.330697
0.21311 1.0 1.433856 2.118326 0.421599
0.432786 0.69742 1.0 3.096523 4.88824
? 0.472071 0.322943 1.0 ?
0.23091 2.371922 0.204573 ? 1.0

Matrix 7:
1.0 4.007801 3.875895 ? 1.180532
0.249513 1.0 2.122787 3.550564 ?
0.258005 0.471079 1.0 4.431561 1.939143
? 0.281645 0.225654 1.0 1.480262
0.847076 ? 0.515692 0.675556 1.0

Matrix 8:
1.0 ? 2.292011 ? 3.721211
? 1.0 4.297063 2.263039 2.736496
0.436298 0.232717 1.0 3.07648 3.513275
? 0.441884 0.325047 1.0 3.442933
0.26873 0.365431 0.284635 0.29045 1.0

Matrix 9:
1.0 ? 4.925378 2.681228 0.821982
? 1.0 4.953095 1.99749 3.779738
0.20303 0.201894 1.0 3.90349 3.245081
0.372963 0.500628 0.256181 1.0 ?
1.216572 0.264569 0.308159 ? 1.0

Matrix 10:
1.0 0.769966 1.270937 0.934857 ?
1.298759 1.0 2.177155 0.416998 4.96257
0.786821 0.459315 1.0 ? 3.685657
1.069682 2.398093 ? 1.0 2.390887
? 0.201508 0.271322 0.418255 1.0

Matrix 11:
1.0 3.401247 0.972953 2.549254 3.13401
0.29401 1.0 ? 0.264641 0.839641
1.027799 ? 1.0 ? 4.026035
0.392272 3.778704 ? 1.0 4.302466
0.31908 1.190985 0.248383 0.232425 1.0

Matrix 12:
1.0 0.741792 ? 3.480598 3.268999
1.348087 1.0 ? 0.75469 3.178542
? ? 1.0 3.212641 0.309593
0.287307 1.325047 0.31127 1.0 0.854985
0.305904 0.31461 3.230047 1.169611 1.0

Matrix 13:
1.0 ? 1.214489 0.302786 3.65971
? 1.0 3.528539 1.052762 ?
0.823392 0.283403 1.0 3.473806 4.494554
3.302663 0.949882 0.287869 1.0 1.401624
0.273246 ? 0.222491 0.713458 1.0

Matrix 14:
1.0 3.724002 0.661616 2.802762 2.167078
0.268528 1.0 0.611133 ? 4.915636
1.511451 1.636305 1.0 4.31706 ?
0.356791 ? 0.231639 1.0 4.754801
0.461451 0.203432 ? 0.210314 1.0

Matrix 15:
1.0 ? ? 2.350944 1.129244
? 1.0 4.919395 0.867613 4.515936
? 0.203277 1.0 3.286842 3.373094
0.425361 1.152588 0.304243 1.0 3.83051
0.885548 0.221438 0.296464 0.261062 1.0

Matrix 16:
1.0 3.542391 3.141014 2.238552 0.91979
0.282295 1.0 ? 4.811834 2.690393
0.318369 ? 1.0 0.868348 ?
0.446717 0.207821 1.151612 1.0 0.970865
1.087205 0.371693 ? 1.030009 1.0

Matrix 17:
1.0 1.696131 ? 4.757779 2.062816
0.589577 1.0 4.605472 ? 2.091134
? 0.217133 1.0 3.84753 2.736596
0.210182 ? 0.259907 1.0 2.325025
0.484774 0.478209 0.365417 0.430103 1.0

Matrix 18:
1.0 4.150481 4.4608 ? 3.125622
0.240936 1.0 1.902532 4.237137 ?
0.224175 0.525615 1.0 4.065918 4.845682
? 0.236008 0.245947 1.0 4.995631
0.319936 ? 0.206369 0.200175 1.0

Matrix 19:
1.0 ? 2.360273 1.868133 0.242596
? 1.0 4.146917 3.758584 0.342422
0.42368 0.241143 1.0 2.52348 3.11114
0.535294 0.266058 0.396278 1.0 ?
4.12208 2.920373 0.321426 ? 1.0

Matrix 20:
1.0 1.484132 3.565463 0.984071 3.937409
0.673795 1.0 2.045365 0.218353 2.65802
0.280468 0.48891 1.0 3.336035 ?
1.016187 4.57974 0.299757 1.0 ?
0.253974 0.37622 ? ? 1.0

Matrix 21:
1.0 1.162782 4.122232 1.925838 0.408804
0.860006 1.0 ? 0.342881 0.623814
0.242587 ? 1.0 3.762217 1.93021
0.519254 2.916464 0.265801 1.0 ?
2.44616 1.603042 0.518078 ? 1.0

Matrix 22:
1.0 2.702812 3.179048 2.448843 ?
0.369985 1.0 1.526911 ? 2.55938
0.31456 0.654917 1.0 4.059779 3.875294
0.408356 ? 0.246319 1.0 1.497243
? 0.39072 0.258045 0.667894 1.0

Matrix 23:
1.0 0.935689 0.698979 3.02743 4.357627
1.068731 1.0 ? 1.71477 0.650957
1.430658 ? 1.0 2.88889 ?
0.330313 0.583169 0.346154 1.0 3.510451
0.229483 1.5362 ? 0.284864 1.0

Matrix 24:
1.0 1.913895 1.805405 3.472916 3.693435
0.522495 1.0 ? 1.043219 0.597794
0.553892 ? 1.0 3.796401 3.286647
0.287942 0.958571 0.263407 1.0 ?
0.270751 1.672817 0.304261 ? 1.0

Matrix 25:
1.0 0.344043 3.283257 4.93983 ?
2.906613 1.0 2.769524 4.27007 3.728287
0.304576 0.361073 1.0 ? 1.838563
0.202436 0.234188 ? 1.0 2.422408
? 0.26822 0.543903 0.412812 1.0

Matrix 26:
1.0 2.568569 1.172455 3.527787 1.426779
0.389322 1.0 2.599104 ? 2.751664
0.852911 0.384748 1.0 3.091237 2.165412
0.283464 ? 0.323495 1.0 ?
0.700879 0.363416 0.461806 ? 1.0

Matrix 27:
1.0 ? ? 3.782808 4.467738
? 1.0 4.02293 3.309189 1.525072
? 0.248575 1.0 1.265749 1.554662
0.264354 0.302189 0.790046 1.0 1.063154
0.223827 0.655707 0.643227 0.940598 1.0

Matrix 28:
1.0 4.814471 0.800473 1.450539 ?
0.207707 1.0 ? 4.255992 4.262462
1.249261 ? 1.0 1.333055 0.465434
0.689399 0.234963 0.750157 1.0 4.176011
? 0.234606 2.148532 0.239463 1.0

Matrix 29:
1.0 ? 2.198155 4.447389 ?
? 1.0 2.55209 2.324293 4.9628
0.454927 0.391836 1.0 2.677281 1.809427
0.224851 0.430238 0.373513 1.0 3.368689
? 0.201499 0.552661 0.296851 1.0

Matrix 30:
1.0 1.515652 1.373974 ? 3.291985
0.659782 1.0 4.095108 0.887603 1.916417
0.727816 0.244194 1.0 ? 4.793284
? 1.12663 ? 1.0 1.543553
0.303768 0.521807 0.208625 0.647856 1.0

Matrix 31:
1.0 4.127453 ? 1.872235 3.177674
0.24228 1.0 ? 3.695136 1.234885
? ? 1.0 0.844043 4.107488
0.534121 0.270626 1.184774 1.0 0.395421
0.314696 0.809792 0.243458 2.52895 1.0

Matrix 32:
1.0 4.697505 4.04923 ? 2.291395
0.212879 1.0 2.015159 1.55927 ?
0.246961 0.496239 1.0 4.210336 3.389224
? 0.641326 0.237511 1.0 2.085398
0.436415 ? 0.295053 0.479525 1.0

Matrix 33:
1.0 1.842923 3.667564 2.716544 4.301251
0.542616 1.0 4.156624 2.576035 ?
0.272661 0.24058 1.0 ? 3.772765
0.368115 0.388193 ? 1.0 2.157719
0.232491 ? 0.265058 0.463452 1.0

Matrix 34:
1.0 2.931849 1.697648 4.037142 1.839243
0.341082 1.0 ? 2.939022 ?
0.58905 ? 1.0 0.524455 2.703585
0.2477 0.340249 1.906741 1.0 0.21495
0.543702 ? 0.369879 4.652245 1.0

Matrix 35:
1.0 ? 4.931577 3.465837 2.919722
? 1.0 3.079619 4.30151 ?
0.202775 0.324715 1.0 2.944011 1.894776
0.288531 0.232477 0.339673 1.0 1.436326
0.342498 ? 0.527767 0.696221 1.0

Matrix 36:
1.0 1.574749 4.791557 2.160452 0.942665
0.635022 1.0 ? ? 2.759615
0.2087 ? 1.0 1.44013 2.559678
0.462866 ? 0.694382 1.0 1.064783
1.060822 0.362369 0.390674 0.939158 1.0

Matrix 37:
1.0 3.929428 0.599956 0.4309 1.246413
0.25449 1.0 2.859741 3.533732 3.974171
1.666789 0.349682 1.0 0.385017 ?
2.320724 0.282987 2.597288 1.0 ?
0.802302 0.251625 ? ? 1.0

Matrix 38:
1.0 0.637928 2.229037 3.101806 ?
1.567575 1.0 4.992459 2.786777 ?
0.448624 0.200302 1.0 1.163482 2.883182
0.322393 0.358837 0.859489 1.0 3.655723
? ? 0.346839 0.273544 1.0

Matrix 39:
1.0 4.548821 0.221874 1.455096 4.398791
0.219837 1.0 0.562615 ? 3.760271
4.507063 1.777414 1.0 3.255296 ?
0.68724 ? 0.307192 1.0 2.909659
0.227335 0.265938 ? 0.343683 1.0

Matrix 40:
1.0 ? 1.82022 ? 0.57129
? 1.0 3.060441 4.7386 2.994585
0.549384 0.32675 1.0 4.319674 1.873203
? 0.211033 0.231499 1.0 3.11288
1.750424 0.333936 0.533845 0.321246 1.0

Matrix 41:
1.0 4.591819 3.694124 ? 1.465919
0.217779 1.0 3.191563 2.354899 1.388459
0.2707 0.313326 1.0 2.374135 ?
? 0.424647 0.421206 1.0 4.561432
0.682166 0.720223 ? 0.219229 1.0

Matrix 42:
1.0 ? 0.323835 1.112158 1.514326
? 1.0 4.521772 3.684166 ?
3.087992 0.221152 1.0 4.347658 4.358624
0.899153 0.271432 0.230009 1.0 0.958382
0.66036 ? 0.22943 1.043425 1.0

Matrix 43:
1.0 0.728193 ? 0.404591 ?
1.373262 1.0 0.33516 1.585689 2.605675
? 2.98365 1.0 1.719266 3.706341
2.471632 0.630641 0.581644 1.0 4.959983
? 0.383778 0.269808 0.201614 1.0

Matrix 44:
1.0 2.386771 3.088509 ? 3.982918
0.418976 1.0 2.884119 ? 3.919434
0.323781 0.346726 1.0 3.560595 1.729126
? ? 0.280852 1.0 1.552967
0.251072 0.255139 0.578327 0.643929 1.0

Matrix 45:
1.0 1.40626 ? 2.487345 ?
0.711106 1.0 2.977619 2.850226 2.7328
? 0.335839 1.0 3.490159 3.628902
0.402035 0.350849 0.28652 1.0 0.42254
? 0.365925 0.275565 2.36664 1.0

Matrix 46:
1.0 ? 1.607788 ? 0.280793
? 1.0 3.248874 0.438722 4.724625
0.621973 0.307799 1.0 0.251198 3.765544
? 2.279348 3.980923 1.0 3.082119
3.561342 0.211657 0.265566 0.324452 1.0

Matrix 47:
1.0 1.022433 1.517334 2.383357 3.40808
0.978059 1.0 ? 1.619416 ?
0.659051 ? 1.0 1.013062 0.22443
0.419576 0.617507 0.987106 1.0 3.655579
0.29342 ? 4.455732 0.273554 1.0

Matrix 48:
1.0 ? 0.548201 4.170991 1.86315
? 1.0 ? 1.421255 2.572673
1.824148 ? 1.0 1.703081 3.984368
0.239751 0.703604 0.587171 1.0 1.634253
0.536725 0.388701 0.250981 0.6119 1.0

Matrix 49:
1.0 3.871008 2.178808 0.255313 ?
0.258331 1.0 3.558704 ? 0.257863
0.458967 0.281001 1.0 1.102255 0.249396
3.916761 ? 0.907231 1.0 1.632277
? 3.878028 4.009687 0.612641 1.0

Matrix 50:
1.0 3.620502 ? 0.354394 1.951914
0.276205 1.0 ? 4.253991 0.378332
? ? 1.0 3.302758 4.863988
2.821718 0.235073 0.302777 1.0 4.563333
0.512318 2.643181 0.205593 0.219138 1.0

Matrix 51:
1.0 1.990578 4.357246 ? 4.953283
0.502367 1.0 0.301845 ? 1.030117
0.229503 3.312959 1.0 1.860153 3.792349
? ? 0.53759 1.0 0.981682
0.201886 0.970764 0.263689 1.01866 1.0

Matrix 52:
1.0 1.566009 ? 3.329129 2.10187
0.638566 1.0 ? 4.575162 3.705203
? ? 1.0 2.656596 4.118783
0.300379 0.218571 0.376422 1.0 0.54326
0.475767 0.269891 0.24279 1.840739 1.0

Matrix 53:
1.0 1.814773 1.686662 1.187408 1.314778
0.551033 1.0 4.90396 0.459289 4.321695
0.592887 0.203917 1.0 ? ?
0.842171 2.177278 ? 1.0 0.508892
0.760585 0.231391 ? 1.965053 1.0

Matrix 54:
1.0 3.263438 2.658316 0.483236 ?
0.306425 1.0 ? 1.433112 1.752152
0.376178 ? 1.0 3.819288 3.29151
2.069382 0.697782 0.261829 1.0 2.567295
? 0.570727 0.303812 0.389515 1.0

Matrix 55:
1.0 1.900965 3.714026 3.141889 ?
0.526049 1.0 0.581629 1.715213 4.823306
0.26925 1.719309 1.0 1.804833 1.874059
0.31828 0.583018 0.554068 1.0 ?
? 0.207327 0.533601 ? 1.0

Matrix 56:
1.0 2.084004 3.937113 3.040019 2.096389
0.479846 1.0 2.739923 1.772518 ?
0.253993 0.364974 1.0 1.885603 ?
0.328945 0.564169 0.530334 1.0 3.074186
0.477011 ? ? 0.325289 1.0

Matrix 57:
1.0 2.756812 0.34683 ? 0.572198
0.362738 1.0 4.403561 ? 4.111771
2.883257 0.227089 1.0 1.210135 2.539927
? ? 0.826354 1.0 1.785215
1.747647 0.243204 0.393712 0.560157 1.0

Matrix 58:
1.0 3.110243 0.502282 2.645004 ?
0.321518 1.0 4.868475 3.893287 1.765284
1.990913 0.205403 1.0 0.387309 ?
0.378071 0.256852 2.581918 1.0 0.325764
? 0.566481 ? 3.069707 1.0

Matrix 59:
1.0 1.727678 1.541339 4.328516 ?
0.578812 1.0 ? 2.000208 3.270764
0.648787 ? 1.0 4.368606 1.942104
0.231026 0.499948 0.228906 1.0 2.386455
? 0.305739 0.514905 0.419032 1.0

Matrix 60:
1.0 1.481971 0.654365 1.277085 4.092922
0.674777 1.0 3.769943 2.201652 0.535473
1.528199 0.265256 1.0 2.085758 ?
0.783033 0.454204 0.479442 1.0 ?
0.244324 1.867508 ? ? 1.0

Matrix 61:
1.0 4.089915 0.630598 2.827569 ?
0.244504 1.0 ? 3.787715 2.730978
1.585796 ? 1.0 4.950193 3.616488
0.353661 0.264011 0.202012 1.0 3.307756
? 0.366169 0.276511 0.30232 1.0

Matrix 62:
1.0 0.830546 1.778785 0.748098 ?
1.204027 1.0 2.866364 3.620805 2.409836
0.562181 0.348874 1.0 0.410514 0.516576
1.336723 0.276182 2.435971 1.0 ?
? 0.414966 1.935824 ? 1.0

Matrix 63:
1.0 3.960729 4.362031 4.031939 ?
0.252479 1.0 1.120016 2.510953 2.728349
0.229251 0.892844 1.0 4.824586 ?
0.24802 0.398255 0.207272 1.0 3.643562
? 0.366522 ? 0.274457 1.0

Matrix 64:
1.0 3.577383 3.303368 3.845551 0.668708
0.279534 1.0 2.541696 4.440489 0.73158
0.302721 0.393438 1.0 1.654575 ?
0.260041 0.2252 0.604385 1.0 ?
1.495421 1.366905 ? ? 1.0

Matrix 65:
1.0 ? 4.225332 ? 4.18421
? 1.0 4.347805 4.350627 0.498607
0.236668 0.230001 1.0 4.172881 1.407272
? 0.229852 0.239643 1.0 1.864452
0.238994 2.005588 0.710595 0.536351 1.0

Matrix 66:
1.0 ? 1.106765 3.573749 ?
? 1.0 2.383597 3.092547 4.497468
0.903534 0.419534 1.0 0.498944 4.94355
0.279818 0.323358 2.004233 1.0 4.290223
? 0.222347 0.202284 0.233088 1.0

Matrix 67:
1.0 ? 4.315002 2.200589 2.352336
? 1.0 2.935355 ? 0.488722
0.23175 0.340674 1.0 0.526392 2.853845
0.454424 ? 1.899725 1.0 3.915769
0.425109 2.046153 0.350404 0.255378 1.0

Matrix 68:
1.0 ? 4.473346 3.046211 1.282037
? 1.0 2.099963 1.478429 ?
0.223546 0.476199 1.0 0.657442 2.266652
0.328277 0.676394 1.521047 1.0 4.920224
0.780009 ? 0.441179 0.203243 1.0

Matrix 69:
1.0 2.008034 ? 2.862595 2.200359
0.498 1.0 2.621323 1.70783 ?
? 0.381487 1.0 2.376776 3.314142
0.349333 0.585538 0.420738 1.0 4.05374
0.454471 ? 0.301737 0.246686 1.0

Matrix 70:
1.0 ? ? 1.903574 2.870776
? 1.0 4.579449 3.383748 1.973443
? 0.218367 1.0 4.944422 2.944114
0.525328 0.29553 0.202248 1.0 3.804096
0.348338 0.506729 0.339661 0.262875 1.0

Matrix 71:
1.0 4.855541 3.256723 3.718316 ?
0.20595 1.0 0.909512 4.056833 1.30141
0.307057 1.099491 1.0 ? 3.145048
0.268939 0.246498 ? 1.0 3.414444
? 0.768397 0.31796 0.292873 1.0

Matrix 72:
1.0 3.026788 0.682853 0.511252 ?
0.330383 1.0 1.575774 ? 4.804676
1.464444 0.634609 1.0 1.097857 3.893743
1.955983 ? 0.910865 1.0 3.353036
? 0.208131 0.256822 0.298237 1.0

Matrix 73:
1.0 ? 4.36183 1.284548 3.155762
? 1.0 0.302168 0.346423 3.830379
0.229262 3.309417 1.0 2.950358 ?
0.778484 2.886644 0.338942 1.0 3.77084
0.316881 0.261071 ? 0.265193 1.0

Matrix 74:
1.0 4.473769 0.486183 1.997737 2.528398
0.223525 1.0 4.528499 2.299445 1.176839
2.056839 0.220824 1.0 ? 2.952546
0.500566 0.434888 ? 1.0 ?
0.395507 0.849734 0.338691 ? 1.0

Matrix 75:
1.0 ? 3.51775 1.572354 1.574556
? 1.0 1.42763 ? 2.145708
0.284273 0.700462 1.0 4.731681 2.319476
0.635989 ? 0.211341 1.0 2.91673
0.6351 0.466047 0.431132 0.34285 1.0

Matrix 76:
1.0 ? 4.021696 3.47249 2.560835
? 1.0 1.156286 ? 3.678985
0.248651 0.864838 1.0 2.440765 4.010183
0.287978 ? 0.409708 1.0 4.145003
0.390498 0.271814 0.249365 0.241254 1.0

Matrix 77:
1.0 ? 2.689855 4.553414 3.217968
? 1.0 3.393071 4.620947 ?
0.371767 0.294718 1.0 4.113561 0.515049
0.219615 0.216406 0.243098 1.0 0.633904
0.310755 ? 1.941563 1.577526 1.0

Matrix 78:
1.0 ? 4.005913 0.503892 0.224414
? 1.0 3.884875 3.665399 ?
0.249631 0.257409 1.0 2.790135 4.071147
1.984552 0.272822 0.358406 1.0 1.021509
4.45605 ? 0.245631 0.978944 1.0

Matrix 79:
1.0 2.01048 ? 4.298518 2.95509
0.497394 1.0 0.361776 0.610443 ?
? 2.764141 1.0 1.360245 3.44594
0.232638 1.638155 0.735162 1.0 0.657465
0.338399 ? 0.290197 1.520994 1.0

Matrix 80:
1.0 1.083513 ? 1.880291 4.710561
0.922924 1.0 3.465053 ? 2.389992
? 0.288596 1.0 4.798742 2.65634
0.531833 ? 0.208388 1.0 3.017618
0.212289 0.418411 0.376458 0.331387 1.0

Matrix 81:
1.0 ? 4.784704 ? 2.285433
? 1.0 3.479519 3.808035 3.21317
0.208999 0.287396 1.0 3.634216 0.234945
? 0.262603 0.275163 1.0 1.976624
0.437554 0.311219 4.256315 0.505913 1.0

Matrix 82:
1.0 2.98849 3.786168 0.491525 2.041908
0.334617 1.0 ? 4.156479 0.404197
0.264119 ? 1.0 ? 0.552741
2.034485 0.240588 ? 1.0 4.912762
0.489738 2.474041 1.809166 0.203551 1.0

Matrix 83:
1.0 ? 3.752968 3.379226 0.585303
? 1.0 2.432065 1.524519 ?
0.266456 0.411173 1.0 1.499786 2.469832
0.295926 0.655945 0.666762 1.0 4.369255
1.708517 ? 0.404886 0.228872 1.0

Matrix 84:
1.0 0.807125 1.786828 4.099102 ?
1.238965 1.0 1.639423 3.197781 1.847288
0.559651 0.609971 1.0 0.810596 ?
0.243956 0.312717 1.23366 1.0 4.699541
? 0.541334 ? 0.212787 1.0

Matrix 85:
1.0 ? 4.85288 4.654029 2.794664
? 1.0 0.438317 ? 2.633269
0.206063 2.281454 1.0 1.119746 4.661402
0.214868 ? 0.89306 1.0 4.777327
0.357825 0.379756 0.214528 0.209322 1.0

Matrix 86:
1.0 0.794544 2.535474 1.653188 1.71675
1.258584 1.0 3.842569 0.428384 ?
0.394404 0.260243 1.0 ? 1.296422
0.604892 2.334354 ? 1.0 2.547275
0.582496 ? 0.771354 0.392576 1.0

Matrix 87:
1.0 3.033823 1.809165 ? 0.860917
0.329617 1.0 ? 0.708361 0.97819
0.552741 ? 1.0 0.529044 1.103271
? 1.41171 1.890202 1.0 0.312139
1.161552 1.022296 0.906396 3.203701 1.0

Matrix 88:
1.0 2.82434 ? 4.491765 ?
0.354065 1.0 1.925298 0.50231 0.342103
? 0.5194 1.0 2.34095 1.776806
0.22263 1.990802 0.427177 1.0 2.948368
? 2.923096 0.562808 0.339171 1.0

Matrix 89:
1.0 2.926112 4.072069 3.083508 2.986506
0.34175 1.0 4.848759 ? 2.598986
0.245575 0.206238 1.0 0.436465 ?
0.324306 ? 2.291134 1.0 1.313739
0.334839 0.384765 ? 0.761186 1.0

Matrix 90:
1.0 3.194471 ? 4.806696 4.639131
0.313041 1.0 3.223236 3.415656 2.152377
? 0.310247 1.0 1.6999 4.378554
0.208043 0.29277 0.58827 1.0 ?
0.215558 0.464603 0.228386 ? 1.0

Matrix 91:
1.0 3.391838 1.805965 3.094673 2.267582
0.294825 1.0 3.236109 ? 2.319782
0.553721 0.309013 1.0 1.911373 ?
0.323136 ? 0.523184 1.0 3.160982
0.440998 0.431075 ? 0.316357 1.0

Matrix 92:
1.0 3.065823 1.973879 4.68861 3.755221
0.326177 1.0 0.261064 ? 0.398497
0.506617 3.830478 1.0 4.405942 ?
0.213283 ? 0.226966 1.0 4.148656
0.266296 2.509429 ? 0.241042 1.0

Matrix 93:
1.0 4.100253 2.529616 0.382795 0.916701
0.243887 1.0 4.980039 0.208118 1.966807
0.395317 0.200802 1.0 1.489446 ?
2.612364 4.804966 0.671391 1.0 ?
1.090868 0.508438 ? ? 1.0

Matrix 94:
1.0 4.699993 ? 1.658926 4.304526
0.212766 1.0 2.776612 0.630885 0.723733
? 0.360151 1.0 4.391037 ?
0.6028 1.585075 0.227737 1.0 0.658456
0.232314 1.381725 ? 1.518704 1.0

Matrix 95:
1.0 1.441853 4.868144 1.907846 ?
0.693552 1.0 3.870814 ? 4.375661
0.205417 0.258344 1.0 2.222883 3.681405
0.524151 ? 0.449866 1.0 2.149793
? 0.228537 0.271635 0.465161 1.0

Matrix 96:
1.0 4.708862 4.789374 1.852332 4.138834
0.212366 1.0 3.005042 ? 0.64557
0.208796 0.332774 1.0 3.076676 ?
0.53986 ? 0.325026 1.0 4.26262
0.241614 1.549019 ? 0.234598 1.0

Matrix 97:
1.0 ? 4.877273 4.924022 1.646496
? 1.0 0.856748 3.907656 4.123846
0.205033 1.167204 1.0 2.404249 ?
0.203086 0.255908 0.41593 1.0 4.905368
0.60735 0.242492 ? 0.203858 1.0

Matrix 98:
1.0 ? 3.200697 ? 1.512499
? 1.0 0.468962 2.880713 4.816945
0.312432 2.132369 1.0 3.065298 1.346979
? 0.347136 0.326233 1.0 1.548507
0.661157 0.2076 0.742402 0.645783 1.0

Matrix 99:
1.0 1.414278 2.695176 4.782933 4.143072
0.707075 1.0 ? 4.255135 ?
0.371033 ? 1.0 0.648953 2.553384
0.209077 0.23501 1.540944 1.0 1.991532
0.241367 ? 0.391637 0.502126 1.0

Matrix 100:
1.0 4.403554 4.963959 3.475156 ?
0.227089 1.0 ? 4.764382 3.800629
0.201452 ? 1.0 1.66943 4.05446
0.287757 0.209891 0.599007 1.0 0.256925
? 0.263114 0.246642 3.892186 1.0

