Matrix 1:
1 1.614984 0.677661 0.674929 3.772497 0.334192 0.577179
0.619201 1 1.629806 4.989939 1.58215 1.11682 1.812474
1.475665 0.61357 1 2.556437 4.091246 4.771437 4.428469
1.481637 0.200403 0.391169 1 ? 4.465532 1.107587
0.265076 0.632051 0.244424 ? 1 1.17919 3.179506
2.992294 0.895399 0.20958 0.223937 0.84804 1 1.282119
1.732564 0.551732 0.225812 0.902863 0.314514 0.779959 1

Matrix 2:
1 3.716642 2.959387 4.885569 1.252824 1.579054 0.657402
0.26906 1 3.065537 1.264657 0.29963 3.140037 1.525517
0.337908 0.326207 1 3.947895 ? 4.149294 2.596093
0.204684 0.790728 0.2533 1 3.305186 4.078518 2.197034
0.798197 3.337452 ? 0.302555 1 3.472352 0.94759
0.633291 0.318468 0.241005 0.245187 0.287989 1 4.04662
1.52114 0.655515 0.385194 0.455159 1.055309 0.24712 1

Matrix 3:
1 3.234371 3.830554 3.708713 3.471057 3.474825 3.984733
0.309179 1 1.446853 3.105698 2.831408 0.896427 4.880666
0.261059 0.691155 1 2.566937 3.736928 ? 4.964782
0.269635 0.321989 0.389569 1 3.544534 2.147417 2.837074
0.288097 0.353181 0.267599 0.282125 1 2.086317 1.078805
0.287784 1.11554 ? 0.465676 0.479314 1 3.336327
0.250958 0.20489 0.201419 0.352476 0.926952 0.299731 1

Matrix 4:
1 1.882308 4.592715 0.559268 2.826363 0.739218 3.726639
0.531263 1 4.733684 1.874651 3.219325 2.507188 3.008018
0.217736 0.211252 1 4.795703 1.221463 2.654751 0.933096
1.78805 0.533433 0.20852 1 3.197498 0.441808 0.631266
0.353812 0.310624 0.81869 0.312745 1 ? 3.714363
1.352781 0.398853 0.376683 2.263428 ? 1 2.290703
0.268338 0.332445 1.071701 1.584119 0.269225 0.436547 1

Matrix 5:
1 3.540345 ? 1.483667 3.452872 3.603932 3.149431
0.282458 1 1.877275 1.986577 3.646359 4.325291 4.190597
? 0.532687 1 2.851824 3.971912 3.410271 2.820514
0.674006 0.503378 0.350653 1 4.27648 2.182882 3.093998
0.289614 0.274246 0.251768 0.233837 1 4.97567 4.580226
0.277475 0.231198 0.293232 0.45811 0.200978 1 2.236014
0.317518 0.238629 0.354545 0.323206 0.21833 0.447224 1

Matrix 6:
1 4.975533 0.584521 4.803479 3.62318 2.65267 0.347484
0.200983 1 4.264746 1.820958 1.443722 3.62449 4.002584
1.710804 0.234481 1 1.704059 2.623099 4.782069 3.539004
0.208182 0.549162 0.586834 1 1.322623 2.688089 2.692401
0.276001 0.692654 0.381229 0.756074 1 2.00681 ?
0.376979 0.275901 0.209115 0.372011 0.498303 1 1.586462
2.877829 0.249839 0.282565 0.371416 ? 0.630333 1

Matrix 7:
1 3.131321 2.174955 3.94783 0.3465 0.930994 1.454615
0.319354 1 3.098129 1.772471 3.750421 1.955529 ?
0.45978 0.322775 1 1.393269 0.51874 1.752425 2.525314
0.253304 0.564184 0.717736 1 0.30637 2.526696 0.59137
2.886004 0.266637 1.92775 3.264022 1 2.131114 0.395644
1.074121 0.511371 0.570638 0.395774 0.469238 1 3.88939
0.687467 ? 0.39599 1.690989 2.527523 0.25711 1

Matrix 8:
1 2.736518 0.237042 4.127187 3.615738 ? 3.550179
0.365428 1 0.601128 3.541045 2.138575 3.456508 0.311864
4.218671 1.663541 1 1.877863 2.967007 4.455295 1.600743
0.242296 0.282403 0.53252 1 4.363058 1.068446 0.458081
0.276569 0.467601 0.33704 0.229197 1 1.350135 2.115079
? 0.289309 0.224452 0.935938 0.740666 1 4.635063
0.281676 3.206522 0.62471 2.183019 0.472796 0.215747 1

Matrix 9:
1 4.326917 1.756564 2.186055 3.142402 4.009956 1.733197
0.231111 1 0.555163 4.347628 3.060064 2.765731 ?
0.569293 1.801272 1 4.960006 2.49439 3.275257 2.76512
0.457445 0.230011 0.201613 1 2.759987 1.47936 0.557529
0.318228 0.326791 0.4009 0.362321 1 1.728227 3.109957
0.249379 0.361568 0.30532 0.675968 0.578628 1 3.846284
0.576968 ? 0.361648 1.793628 0.321548 0.259991 1

Matrix 10:
1 1.262609 3.030911 2.916735 2.093558 0.333621 ?
0.792011 1 2.800154 2.485256 0.236566 4.508368 2.075526
0.329934 0.357123 1 2.339094 0.456711 2.811258 2.210462
0.342849 0.402373 0.427516 1 2.607422 3.090658 2.968318
0.477656 4.227145 2.189568 0.383521 1 2.815516 4.828532
2.997409 0.22181 0.355713 0.323556 0.355175 1 2.980885
? 0.481806 0.452394 0.336891 0.207102 0.335471 1

Matrix 11:
1 2.326989 2.813756 2.288873 4.564212 1.129116 0.958537
0.42974 1 1.851381 4.93607 3.828898 2.177128 ?
0.355397 0.540137 1 3.584767 2.193931 4.729447 4.262892
0.436896 0.20259 0.278958 1 1.389741 1.238592 4.010166
0.219096 0.261172 0.455803 0.719559 1 1.468785 2.296541
0.885649 0.459321 0.211441 0.807368 0.680835 1 2.551778
1.043257 ? 0.234583 0.249366 0.435438 0.391884 1

Matrix 12:
1 1.585515 4.564076 0.499666 2.902805 1.326258 3.337335
0.63071 1 4.24983 0.571369 4.308287 2.06305 2.021395
0.219102 0.235304 1 4.637168 2.128668 3.606224 1.401163
2.001336 1.750183 0.215649 1 4.985292 3.548782 ?
0.344494 0.232111 0.469777 0.20059 1 2.28283 0.701528
0.754001 0.484719 0.277298 0.281787 0.438053 1 0.725087
0.29964 0.494708 0.713693 ? 1.42546 1.379146 1

Matrix 13:
1 3.267676 2.952072 4.172244 ? 1.603774 4.962245
0.306028 1 2.329514 1.112972 3.746819 0.503647 2.438019
0.338745 0.429274 1 0.734225 4.102438 3.533145 3.736164
0.239679 0.898495 1.361981 1 2.32223 4.715531 1.280868
? 0.266893 0.243757 0.43062 1 3.824505 1.978217
0.623529 1.985516 0.283034 0.212065 0.261472 1 1.252762
0.201522 0.410169 0.267654 0.780721 0.505506 0.798236 1

Matrix 14:
1 0.658893 4.869435 2.917188 4.562877 2.349205 2.191918
1.517696 1 1.32981 2.309663 ? 0.693682 3.53859
0.205363 0.751987 1 2.682606 4.616851 2.045796 3.122589
0.342796 0.432964 0.372772 1 1.651454 1.064017 2.984498
0.21916 ? 0.216598 0.605527 1 2.300218 0.618122
0.425676 1.441584 0.488807 0.939834 0.434741 1 3.845509
0.456221 0.282598 0.320247 0.335065 1.617803 0.260044 1

Matrix 15:
1 4.089394 2.098705 3.054206 3.771101 4.181371 3.158973
0.244535 1 0.261166 ? 1.024234 3.19197 1.064264
0.476484 3.828979 1 4.866952 0.775288 0.830015 2.857463
0.327417 ? 0.205467 1 4.75731 4.533472 2.438431
0.265175 0.976339 1.289844 0.210203 1 4.966355 1.966449
0.239156 0.313286 1.204798 0.220581 0.201355 1 1.494653
0.316559 0.939617 0.349961 0.4101 0.508531 0.669051 1

Matrix 16:
1 1.876374 0.521603 2.913395 0.368092 2.909434 3.239107
0.532943 1 3.417675 1.247165 4.957457 2.458047 2.270464
1.917167 0.292597 1 4.68104 4.555092 2.291419 1.604786
0.343242 0.801819 0.213628 1 1.574223 ? 3.343051
2.71671 0.201716 0.219535 0.635234 1 2.188325 2.438217
0.34371 0.406827 0.436411 ? 0.456971 1 2.475935
0.308727 0.440439 0.623136 0.299128 0.410136 0.403888 1

Matrix 17:
1 3.318244 4.738997 ? 0.797008 1.354876 3.595938
0.301364 1 3.308403 1.650591 1.723974 2.623907 2.719399
0.211015 0.302261 1 3.465068 3.569455 3.672291 2.331035
? 0.605844 0.288595 1 0.610488 3.806197 0.793971
1.254692 0.580055 0.280155 1.638034 1 2.983497 0.558665
0.738075 0.381111 0.27231 0.262729 0.335177 1 4.030894
0.278092 0.367728 0.428994 1.259492 1.789982 0.248084 1

Matrix 18:
1 3.828162 1.306052 1.408224 4.733769 4.242732 2.728473
0.261222 1 2.464395 0.279531 4.095084 4.094289 1.310051
0.765666 0.405779 1 4.591944 0.563867 0.397471 0.735076
0.710114 3.577424 0.217773 1 1.512495 ? 2.819584
0.211248 0.244195 1.773469 0.661159 1 4.851688 3.629327
0.235697 0.244243 2.515906 ? 0.206114 1 4.459685
0.366505 0.763329 1.360403 0.354662 0.275533 0.224231 1

Matrix 19:
1 3.257874 2.101145 ? 4.559451 3.31006 0.730992
0.306949 1 1.732966 3.053662 4.903827 3.882313 3.36815
0.475931 0.577045 1 3.986432 0.697937 1.225108 4.924708
? 0.327476 0.250851 1 4.058139 3.177441 3.404743
0.219325 0.203922 1.432793 0.246418 1 4.209292 2.969545
0.302109 0.257578 0.816255 0.314719 0.23757 1 3.947294
1.368004 0.296899 0.203058 0.293708 0.336752 0.253338 1

Matrix 20:
1 2.338546 3.088374 4.566937 2.038409 0.994526 4.807397
0.427616 1 1.903241 0.916053 3.297008 3.837914 3.058731
0.323795 0.52542 1 ? 2.248921 4.567715 2.370073
0.218965 1.091639 ? 1 0.454992 1.279532 0.26084
0.490579 0.303305 0.444658 2.197842 1 4.151898 4.773452
1.005504 0.260558 0.218928 0.781536 0.240854 1 4.797267
0.208013 0.326933 0.421928 3.833774 0.209492 0.208452 1

Matrix 21:
1 1.40389 3.542691 3.483018 4.394431 1.700205 0.404589
0.712306 1 4.33689 3.700747 3.514866 4.555746 ?
0.282271 0.23058 1 1.213802 4.305666 3.407145 1.204617
0.287107 0.270216 0.823857 1 1.30751 2.534086 1.124023
0.227561 0.284506 0.232252 0.764813 1 4.205168 1.343218
0.588164 0.219503 0.293501 0.39462 0.237803 1 1.115799
2.471642 ? 0.83014 0.889661 0.744481 0.896219 1

Matrix 22:
1 2.083895 4.364783 4.512997 1.520256 4.285524 3.658355
0.479871 1 0.746545 1.400547 ? 2.9883 2.962798
0.229106 1.339503 1 0.542358 2.337938 0.33523 4.125915
0.221582 0.714007 1.843801 1 4.167666 3.442274 2.689763
0.657784 ? 0.427727 0.239942 1 3.806798 4.21959
0.233344 0.334638 2.983031 0.290506 0.262688 1 3.018825
0.273347 0.337519 0.24237 0.37178 0.23699 0.331255 1

Matrix 23:
1 3.38335 3.489826 2.990186 4.220656 2.264495 1.56509
0.295565 1 1.396427 2.402271 2.374426 0.67755 0.77113
0.286547 0.716113 1 0.268279 ? 3.582682 4.043932
0.334427 0.416273 3.727458 1 0.690469 1.291042 4.309431
0.23693 0.421154 ? 1.448292 1 1.428108 4.097467
0.4416 1.475906 0.27912 0.774568 0.700227 1 2.088961
0.638941 1.296799 0.247284 0.232049 0.244053 0.478707 1

Matrix 24:
1 2.854651 3.490489 2.921984 ? 4.84634 0.822505
0.350305 1 1.42674 4.978732 3.164357 2.010657 2.861149
0.286493 0.700899 1 1.373925 4.602336 3.694625 1.529427
0.342233 0.200854 0.727842 1 1.937304 2.281503 4.206979
? 0.31602 0.217281 0.516181 1 2.250062 2.317115
0.206341 0.49735 0.270663 0.438308 0.444432 1 4.698714
1.215798 0.34951 0.65384 0.2377 0.431571 0.212824 1

Matrix 25:
1 1.813337 1.858636 4.746611 0.992894 4.382677 4.283413
0.55147 1 0.593602 1.113751 1.205908 4.995396 0.220934
0.538029 1.684629 1 4.14141 3.627837 3.198399 3.983252
0.210677 0.897866 0.241464 1 0.275692 ? 1.528102
1.007157 0.829251 0.275646 3.627235 1 3.903581 0.85071
0.228171 0.200184 0.312656 ? 0.256175 1 2.798638
0.233459 4.526246 0.251051 0.654406 1.175488 0.357317 1

Matrix 26:
1 3.513614 2.444419 3.738234 4.450448 0.269065 2.295044
0.284607 1 0.508178 3.394448 0.975222 1.157752 2.086831
0.409095 1.967815 1 0.407702 3.851179 2.465696 3.121029
0.267506 0.294599 2.452772 1 0.922532 4.374974 0.72565
0.224696 1.025407 0.259661 1.083973 1 4.933928 0.443252
3.716579 0.863743 0.405565 0.228573 0.202678 1 ?
0.435721 0.479195 0.320407 1.378075 2.256051 ? 1

Matrix 27:
1 2.62042 1.208736 4.523879 0.547724 0.382159 3.25546
0.381618 1 0.988703 3.201694 0.63141 4.801986 1.487881
0.82731 1.011426 1 0.961744 1.609749 1.822881 3.147534
0.221049 0.312335 1.039778 1 4.781262 4.574635 3.64216
1.825738 1.583758 0.621215 0.20915 1 4.230949 ?
2.616714 0.208247 0.548582 0.218597 0.236354 1 0.461119
0.307176 0.672097 0.317709 0.274562 ? 2.16864 1

Matrix 28:
1 3.895297 3.382557 3.353202 4.82658 4.654632 3.99019
0.25672 1 4.072038 3.271723 3.926636 1.832572 ?
0.295634 0.245577 1 1.940335 4.85622 1.977735 2.433737
0.298222 0.305649 0.515375 1 3.729164 4.627685 2.46495
0.207186 0.254671 0.205921 0.268157 1 0.356082 4.827593
0.21484 0.545681 0.505629 0.216091 2.808341 1 3.948384
0.250615 ? 0.410891 0.405688 0.207143 0.253268 1

Matrix 29:
1 ? 2.979686 2.353857 3.355939 2.938665 2.595271
? 1 3.401163 4.273338 0.275605 2.140171 0.363761
0.335606 0.294017 1 4.401104 4.723852 1.633729 0.500354
0.424835 0.234009 0.227216 1 0.646364 3.998018 2.7269
0.297979 3.628375 0.211692 1.547115 1 3.792075 1.064072
0.340291 0.467252 0.612097 0.250124 0.263708 1 4.291364
0.385316 2.749059 1.998586 0.366717 0.939786 0.233026 1

Matrix 30:
1 0.463861 3.599088 3.015422 3.068955 3.918025 4.176431
2.155819 1 1.877079 3.70412 4.758202 1.335428 2.751744
0.277848 0.532743 1 2.97983 1.909039 3.963958 ?
0.331629 0.26997 0.33559 1 0.421101 2.588698 3.511522
0.325844 0.210163 0.523824 2.374727 1 3.43988 4.69702
0.255231 0.748824 0.252273 0.386295 0.290708 1 4.48618
0.239439 0.363406 ? 0.284777 0.212901 0.222907 1

Matrix 31:
1 3.676196 3.260677 3.589486 2.307019 0.783404 0.757042
0.27202 1 2.69434 3.556531 2.364804 3.836745 1.227227
0.306685 0.371148 1 2.014988 2.154408 3.870626 1.660236
0.278591 0.281173 0.496281 1 1.731258 3.893944 1.374507
0.43346 0.422868 0.464165 0.577615 1 ? 4.622383
1.276481 0.260638 0.258356 0.256809 ? 1 0.564372
1.32093 0.814845 0.602324 0.727534 0.216339 1.77188 1

Matrix 32:
1 3.594454 3.992067 2.575591 3.327604 1.294958 0.40314
0.278206 1 ? 1.574464 4.463403 0.355467 0.949407
0.250497 ? 1 2.967481 4.630281 1.909734 3.500512
0.38826 0.635137 0.336986 1 3.177945 2.679235 0.810126
0.300517 0.224044 0.21597 0.314669 1 0.610651 3.630036
0.772226 2.813199 0.523633 0.373241 1.637598 1 0.311096
2.480526 1.053289 0.285672 1.234375 0.275479 3.214438 1

Matrix 33:
1 2.795458 1.746926 3.82541 1.25145 3.496667 4.884779
0.357723 1 3.958582 2.057894 2.253998 0.635388 4.23292
0.572434 0.252616 1 3.846244 1.792931 0.973413 0.409137
0.26141 0.485934 0.259994 1 3.273866 0.478486 3.353512
0.799073 0.443656 0.557746 0.305449 1 4.657437 ?
0.285987 1.573841 1.027313 2.089926 0.21471 1 1.688122
0.204718 0.236244 2.44417 0.298195 ? 0.592374 1

Matrix 34:
1 4.843328 3.870551 4.80084 2.397968 3.021928 2.719345
0.20647 1 ? 4.441648 2.336617 0.908087 1.051733
0.258361 ? 1 1.864785 4.313191 0.635676 4.773965
0.208297 0.225142 0.536255 1 3.400809 3.661885 4.197421
0.41702 0.427969 0.231847 0.294048 1 0.874187 4.574732
0.330915 1.101217 1.573128 0.273083 1.14392 1 3.248205
0.367736 0.950812 0.20947 0.238242 0.218592 0.307862 1

Matrix 35:
1 0.309103 1.195116 4.341629 4.917975 3.943046 1.059994
3.235171 1 1.153763 2.495971 4.450752 2.736515 4.393347
0.836739 0.866729 1 ? 1.977546 3.957496 4.138584
0.230328 0.400646 ? 1 2.181968 1.304151 4.737781
0.203336 0.224681 0.505677 0.458302 1 4.670642 2.688533
0.253611 0.365428 0.252685 0.766782 0.214103 1 1.465267
0.943402 0.227617 0.241629 0.211069 0.37195 0.68247 1

Matrix 36:
1 3.242147 1.942389 4.925106 0.417627 1.970479 4.516451
0.308438 1 4.626817 2.042106 4.978463 0.283019 4.09498
0.51483 0.216131 1 1.853387 3.222584 3.452669 0.447216
0.203041 0.489691 0.539553 1 4.103843 0.546589 3.46228
2.394483 0.200865 0.31031 0.243674 1 0.877247 ?
0.507491 3.533327 0.289631 1.829529 1.13993 1 0.349498
0.221413 0.244201 2.236055 0.288827 ? 2.861249 1

Matrix 37:
1 4.254491 4.937958 3.130313 4.298196 1.42399 2.22899
0.235046 1 1.190715 1.658151 2.401617 1.300911 2.55621
0.202513 0.839831 1 2.021411 2.838781 2.362783 0.31292
0.319457 0.603081 0.494704 1 2.602205 1.688352 ?
0.232656 0.416386 0.352264 0.384289 1 4.445945 3.960279
0.702252 0.768692 0.42323 0.592294 0.224924 1 1.420472
0.448634 0.391204 3.195702 ? 0.252507 0.703991 1

Matrix 38:
1 2.842293 4.390987 1.35175 4.40119 2.003184 3.677683
0.351829 1 3.782713 3.73271 4.992024 4.734546 ?
0.227739 0.264361 1 4.993611 3.533811 2.559801 1.765223
0.739782 0.267902 0.200256 1 4.596392 0.940612 4.270816
0.227211 0.20032 0.282981 0.217562 1 0.292153 4.638178
0.499205 0.211214 0.390655 1.063138 3.422859 1 1.056581
0.27191 ? 0.566501 0.234147 0.215602 0.946449 1

Matrix 39:
1 1.61606 1.139045 1.48473 0.570493 0.916688 3.392517
0.618789 1 4.984977 0.47493 1.639627 0.900889 0.89096
0.877929 0.200603 1 1.995729 0.438768 1.909693 2.65152
0.673523 2.105571 0.50107 1 1.34742 4.930593 2.527228
1.752871 0.609895 2.279106 0.742159 1 4.470245 3.850623
1.090884 1.110014 0.523645 0.202815 0.223701 1 ?
0.294766 1.122385 0.377142 0.39569 0.259698 ? 1

Matrix 40:
1 2.168898 3.509176 3.785093 2.499919 0.759476 3.762297
0.461064 1 3.753958 2.690953 1.700472 4.415383 1.248549
0.284967 0.266385 1 4.49651 4.443517 4.923555 0.779182
0.264194 0.371616 0.222395 1 1.080398 3.514002 ?
0.400013 0.588072 0.225047 0.925584 1 1.93918 3.703683
1.316696 0.226481 0.203105 0.284576 0.515682 1 1.705855
0.265795 0.80093 1.283398 ? 0.270001 0.586216 1

Matrix 41:
1 3.077659 4.653858 4.60595 ? 1.803904 1.032861
0.324922 1 4.911714 4.746722 2.166442 2.930654 4.107573
0.214875 0.203595 1 4.548008 0.704748 1.015201 1.949299
0.21711 0.210672 0.219876 1 0.683237 3.378432 3.026175
? 0.461586 1.418946 1.463621 1 2.711627 3.788839
0.554353 0.341221 0.985026 0.295995 0.368782 1 0.473156
0.968185 0.243453 0.513005 0.33045 0.263933 2.113469 1

Matrix 42:
1 1.602068 0.382393 1.246162 ? 4.104086 2.985722
0.624193 1 1.450906 2.866055 3.017161 4.087752 2.536281
2.615107 0.689225 1 3.380695 0.671364 0.302589 4.284176
0.802464 0.348912 0.295797 1 3.358261 4.506956 3.979249
? 0.331437 1.489504 0.297773 1 3.836269 4.993357
0.24366 0.244633 3.304817 0.221879 0.26067 1 3.159408
0.334927 0.394278 0.233417 0.251304 0.200266 0.316515 1

Matrix 43:
1 ? 4.630973 1.918738 2.513696 3.47889 4.819047
? 1 1.760595 4.249102 1.137903 2.197131 1.779697
0.215937 0.56799 1 1.406266 3.431664 4.899976 1.903361
0.521176 0.235344 0.711103 1 2.981434 4.840991 0.574966
0.397821 0.87881 0.291404 0.335409 1 2.518852 0.24427
0.287448 0.455139 0.204083 0.206569 0.397006 1 3.544413
0.20751 0.561894 0.525386 1.739232 4.093823 0.282134 1

Matrix 44:
1 0.568822 1.280251 3.666492 1.24749 0.434561 0.774859
1.758019 1 3.171172 2.721772 2.463248 0.306245 2.27313
0.781097 0.315341 1 0.208187 2.791333 3.700293 0.445905
0.27274 0.367408 4.803363 1 1.660721 0.275916 1.18737
0.80161 0.405968 0.358252 0.602148 1 1.56698 ?
2.301175 3.265358 0.270249 3.624298 0.63817 1 3.654419
1.290557 0.439922 2.24263 0.842198 ? 0.273641 1

Matrix 45:
1 4.631099 3.151331 1.271692 3.590003 1.756881 4.510997
0.215931 1 2.433659 2.015536 4.829931 1.763235 1.880434
0.317326 0.410904 1 1.691262 2.031308 0.340797 1.169486
0.786354 0.496146 0.591274 1 1.672643 ? 3.63162
0.278551 0.207042 0.492294 0.597856 1 1.757103 3.008524
0.569191 0.567139 2.934298 ? 0.569119 1 4.156649
0.22168 0.531792 0.855077 0.275359 0.332389 0.240578 1

Matrix 46:
1 2.498832 ? 1.422636 3.386603 2.227456 1.442495
0.400187 1 3.510912 2.444641 0.421894 2.914488 4.85905
? 0.284826 1 2.922415 3.21227 0.726403 1.696577
0.70292 0.409058 0.342183 1 3.086316 3.919731 2.781123
0.295281 2.370264 0.311306 0.324011 1 1.869672 0.445811
0.448943 0.343113 1.376647 0.25512 0.534853 1 4.744834
0.693243 0.205802 0.589422 0.359567 2.243104 0.210756 1

Matrix 47:
1 3.068539 1.778773 2.671076 1.882981 4.889429 0.389795
0.325888 1 4.458644 ? 1.401351 4.908101 1.617984
0.562185 0.224283 1 1.941093 0.880927 4.396997 3.524833
0.374381 ? 0.515174 1 4.203063 2.082968 0.702299
0.531073 0.713597 1.135168 0.237922 1 0.525907 4.45104
0.204523 0.203745 0.227428 0.480084 1.901478 1 4.50331
2.565454 0.618053 0.283701 1.423894 0.224667 0.222059 1

Matrix 48:
1 3.64618 2.989693 0.26815 4.681772 2.042406 2.088114
0.27426 1 2.313174 1.755961 2.500304 4.318558 1.591221
0.334482 0.432306 1 2.815402 3.260514 2.693433 ?
3.729255 0.569489 0.355189 1 4.29291 2.057424 1.278109
0.213594 0.399951 0.3067 0.232942 1 1.63416 2.613174
0.489618 0.231559 0.371273 0.486045 0.611935 1 0.555452
0.478901 0.628448 ? 0.782406 0.382676 1.800334 1

Matrix 49:
1 1.312568 2.905611 3.597749 2.326154 2.601957 3.428744
0.761865 1 2.380437 1.063546 4.262763 0.562185 1.81098
0.344162 0.420091 1 0.911117 2.714624 1.115715 2.428237
0.277952 0.940251 1.097554 1 1.038369 ? 0.751965
0.429894 0.23459 0.368375 0.963049 1 0.627358 1.765012
0.384326 1.778775 0.896286 ? 1.593987 1 2.748338
0.291652 0.552187 0.411822 1.329849 0.566568 0.363856 1

Matrix 50:
1 3.488136 3.695306 2.034406 1.258283 1.355844 2.459141
0.286686 1 1.283672 2.061768 ? 1.680849 1.956793
0.270614 0.779015 1 4.575569 2.978631 1.323112 4.698182
0.491544 0.485021 0.218552 1 1.09125 0.627024 2.079204
0.794734 ? 0.335725 0.916381 1 2.586728 2.617021
0.737548 0.594937 0.755794 1.594835 0.386589 1 1.754795
0.406646 0.51104 0.212848 0.480953 0.382114 0.569867 1

Matrix 51:
1 1.97476 3.950976 2.398715 4.866938 3.13231 3.431202
0.506391 1 1.305743 1.035817 1.480999 ? 4.358983
0.253102 0.765848 1 2.188124 4.821011 3.121561 3.648538
0.41689 0.965421 0.457013 1 4.814824 2.434312 2.347588
0.205468 0.67522 0.207425 0.207692 1 1.722721 4.519356
0.319253 ? 0.320353 0.410794 0.580477 1 1.925363
0.291443 0.229411 0.274082 0.425969 0.22127 0.519382 1

Matrix 52:
1 3.867829 3.031467 4.813849 3.984565 4.18273 3.204018
0.258543 1 1.699555 0.941725 3.851331 4.719402 1.263295
0.329873 0.588389 1 0.415986 1.961101 1.487234 4.128257
0.207734 1.061882 2.403928 1 0.40833 0.901361 3.844684
0.250968 0.259651 0.509918 2.448997 1 ? 0.938402
0.239078 0.211891 0.672389 1.109434 ? 1 3.021653
0.312108 0.791581 0.242233 0.260099 1.065641 0.330945 1

Matrix 53:
1 1.662624 1.812301 2.991225 4.864276 0.361373 3.677167
0.601459 1 2.991004 0.542795 4.596209 4.348097 2.917041
0.551785 0.334336 1 1.149236 3.823277 3.181844 0.291908
0.334311 1.842316 0.870143 1 0.574394 0.871939 3.921865
0.20558 0.217571 0.261556 1.740965 1 ? 2.166072
2.767224 0.229986 0.314283 1.146869 ? 1 3.334317
0.271948 0.342813 3.425734 0.254981 0.461665 0.299912 1

Matrix 54:
1 2.546679 1.772864 3.172153 0.992352 ? 3.164355
0.392668 1 3.571318 1.387353 4.872335 3.450044 0.310302
0.564059 0.280009 1 1.111961 2.012362 2.925297 2.013248
0.315243 0.720797 0.899312 1 1.533372 4.640246 4.156091
1.007707 0.20524 0.496929 0.652157 1 0.809484 4.808477
? 0.289851 0.341846 0.215506 1.235356 1 4.079601
0.31602 3.222666 0.49671 0.240611 0.207966 0.245122 1

Matrix 55:
1 0.297345 3.399183 3.274243 2.355072 0.739159 1.851075
3.363098 1 ? 2.687334 4.309296 4.926958 3.224766
0.294188 ? 1 2.198724 3.849495 3.840223 4.280096
0.305414 0.372116 0.454809 1 0.542387 3.144367 4.602768
0.424615 0.232056 0.259774 1.843702 1 1.521356 3.628381
1.352889 0.202965 0.260402 0.318029 0.657308 1 3.238806
0.540227 0.3101 0.23364 0.217261 0.275605 0.308756 1

Matrix 56:
1 4.250608 3.026427 2.869793 3.212308 4.556341 4.019334
0.23526 1 1.351724 ? 4.655691 3.837157 2.512326
0.330423 0.739796 1 4.463015 1.387517 1.142261 3.766343
0.348457 ? 0.224064 1 2.412362 4.626516 3.278044
0.311303 0.214791 0.720712 0.414531 1 4.322298 3.55078
0.219474 0.26061 0.875457 0.216145 0.231358 1 1.112225
0.248797 0.398037 0.26551 0.30506 0.281628 0.899098 1

Matrix 57:
1 1.506013 4.049681 0.5215 2.456946 2.59557 0.30424
0.664005 1 0.776459 1.504778 2.036614 3.382835 2.601966
0.246933 1.287898 1 0.477398 2.432186 4.456932 0.916706
1.917547 0.66455 2.094687 1 3.369938 0.760962 3.659885
0.407009 0.491011 0.411153 0.296741 1 1.104757 4.854531
0.385272 0.29561 0.22437 1.314126 0.905177 1 ?
3.286881 0.384325 1.090863 0.273233 0.205993 ? 1

Matrix 58:
1 3.018703 3.027474 1.977809 4.406314 0.624292 ?
0.331268 1 4.631731 1.808733 4.636803 4.336635 1.197975
0.330308 0.215902 1 2.071146 2.687519 1.506587 2.656922
0.50561 0.552873 0.482825 1 1.054075 4.541215 2.934541
0.226947 0.215666 0.37209 0.948699 1 3.387716 4.125999
1.601815 0.230594 0.663752 0.220205 0.295184 1 0.329524
? 0.834742 0.376375 0.340769 0.242366 3.034679 1

Matrix 59:
1 1.772589 4.186047 0.434893 0.392349 1.696465 3.376896
0.564147 1 4.68417 0.629784 0.774866 ? 4.453882
0.238889 0.213485 1 0.908287 1.619593 3.159943 0.772823
2.299414 1.587845 1.100973 1 1.721657 2.927974 4.921329
2.548752 1.290545 0.617439 0.580836 1 0.82899 4.061087
0.589461 ? 0.316461 0.341533 1.206287 1 4.07199
0.29613 0.224523 1.293958 0.203197 0.246239 0.24558 1

Matrix 60:
1 2.189683 ? 2.845951 2.568525 4.456056 4.115709
0.456687 1 3.855412 4.130063 4.408256 4.012744 0.453013
? 0.259376 1 4.922537 1.522514 1.843725 3.16271
0.351376 0.242127 0.203147 1 4.581073 1.21253 1.315474
0.389329 0.226847 0.656808 0.218289 1 2.185754 2.672596
0.224414 0.249206 0.54238 0.824722 0.457508 1 2.117785
0.242971 2.207442 0.316185 0.760182 0.374168 0.472192 1

Matrix 61:
1 2.992023 3.262325 3.594276 3.517903 1.918051 2.178498
0.334222 1 2.049713 3.59205 3.348339 3.130438 2.716969
0.30653 0.487873 1 0.595165 4.057014 0.737428 4.516165
0.27822 0.278393 1.680206 1 2.952681 0.762243 1.475136
0.28426 0.298656 0.246487 0.338675 1 1.580954 4.352279
0.521363 0.319444 1.356065 1.311917 0.632529 1 ?
0.459032 0.368057 0.221427 0.677904 0.229765 ? 1

Matrix 62:
1 1.932641 2.811052 1.723703 4.743334 2.871681 3.921656
0.517427 1 4.859038 1.112114 0.744734 3.692474 3.070653
0.355739 0.205802 1 4.695085 1.522874 4.45618 2.078638
0.580146 0.899189 0.212989 1 ? 3.815017 0.980725
0.210822 1.342762 0.656653 ? 1 3.522778 4.772598
0.348228 0.270821 0.224407 0.262122 0.283867 1 1.771733
0.254994 0.325664 0.481084 1.019654 0.209529 0.564419 1

Matrix 63:
1 4.836465 0.326456 3.50991 1.719538 3.039502 0.906462
0.206763 1 4.714335 3.107769 4.324473 1.680807 4.059184
3.063196 0.212119 1 2.540444 4.891105 3.722252 4.733231
0.284908 0.321774 0.393632 1 0.992593 3.125806 2.065648
0.581552 0.231242 0.204453 1.007462 1 3.35665 ?
0.329001 0.594952 0.268655 0.319917 0.297916 1 2.045919
1.10319 0.246355 0.211272 0.484109 ? 0.488778 1

Matrix 64:
1 4.112456 2.704096 2.341689 3.716243 0.50497 4.849875
0.243164 1 4.305349 0.61469 ? 1.737036 4.997664
0.369809 0.232269 1 2.027422 4.278618 0.64583 2.267401
0.427042 1.626835 0.493237 1 4.634012 2.246241 0.344394
0.269089 ? 0.23372 0.215796 1 4.228018 3.489873
1.980316 0.575693 1.548396 0.445188 0.236517 1 2.709034
0.206191 0.200094 0.441034 2.903648 0.286543 0.369135 1

Matrix 65:
1 0.490856 1.815779 4.740898 2.831943 1.218455 1.319709
2.037257 1 4.239432 2.630713 2.512922 0.675149 4.795863
0.550728 0.235881 1 4.109423 2.361143 ? 3.100066
0.210931 0.380125 0.243343 1 2.256783 4.574825 2.003774
0.353114 0.397943 0.423524 0.443109 1 4.073825 2.679541
0.820712 1.481155 ? 0.218588 0.24547 1 4.502923
0.757743 0.208513 0.322574 0.499058 0.373198 0.222078 1

Matrix 66:
1 1.102502 1.617655 4.686329 2.371779 0.468994 3.008277
0.907028 1 3.481152 0.81172 3.267927 2.728087 3.638205
0.618179 0.287261 1 2.205842 ? 4.071618 0.360939
0.213387 1.231952 0.453342 1 3.633139 3.33809 1.167091
0.421624 0.306004 ? 0.275244 1 2.749787 3.145467
2.132221 0.366557 0.245603 0.299572 0.363665 1 0.690523
0.332416 0.274861 2.770552 0.856831 0.317918 1.448178 1

Matrix 67:
1 4.513931 1.038875 3.044596 3.842159 0.551687 1.169903
0.221536 1 4.613272 1.072264 4.259781 2.953252 2.378813
0.96258 0.216766 1 1.317153 4.359573 1.462108 3.915031
0.328451 0.932606 0.759213 1 0.381306 4.330652 1.642821
0.26027 0.234754 0.22938 2.622563 1 3.752136 ?
1.812621 0.33861 0.683944 0.230912 0.266515 1 2.574514
0.854772 0.420378 0.255426 0.608709 ? 0.388423 1

Matrix 68:
1 2.659934 0.426475 4.951027 4.585257 4.162148 3.968231
0.375949 1 3.669749 2.144665 3.368312 3.320815 4.823183
2.344802 0.272498 1 3.798075 3.873072 4.936481 4.786977
0.201978 0.466273 0.263291 1 2.414137 2.858013 4.11559
0.21809 0.296885 0.258193 0.414227 1 0.808413 1.749908
0.240261 0.301131 0.202573 0.349893 1.236991 1 ?
0.252001 0.207332 0.2089 0.242979 0.571459 ? 1

Matrix 69:
1 0.720201 2.990185 0.283421 4.924357 0.79667 2.908914
1.388502 1 2.559155 2.34331 ? 2.434022 4.219083
0.334428 0.390754 1 4.449369 2.500405 0.20514 3.336246
3.528315 0.426747 0.224751 1 0.540072 2.715806 3.181863
0.203072 ? 0.399935 1.851606 1 3.416318 2.569454
1.255224 0.410843 4.87471 0.368215 0.292713 1 0.282301
0.343771 0.237018 0.299738 0.314281 0.389188 3.542322 1

Matrix 70:
1 1.811871 4.444663 0.863774 0.685981 4.963699 3.466253
0.551916 1 1.403813 4.569409 2.107617 4.258418 ?
0.224989 0.712346 1 0.384073 2.354093 4.263452 4.730332
1.157711 0.218847 2.603671 1 2.700518 0.666553 0.501228
1.457766 0.474469 0.424792 0.370299 1 1.049474 4.329495
0.201463 0.234829 0.234552 1.500257 0.952859 1 2.896107
0.288496 ? 0.211402 1.995101 0.230974 0.345291 1

Matrix 71:
1 2.237398 0.350308 0.490661 0.450446 1.804484 2.187653
0.446948 1 4.676674 2.599349 4.745916 3.345611 3.29239
2.854628 0.213827 1 1.208767 3.066152 2.53732 3.931579
2.038067 0.384712 0.827289 1 ? 1.504652 4.262751
2.220022 0.210707 0.326142 ? 1 2.083179 0.827889
0.554175 0.298899 0.394117 0.664605 0.480036 1 1.860778
0.457111 0.303731 0.254351 0.23459 1.207892 0.53741 1

Matrix 72:
1 3.796617 0.330263 3.911768 2.840028 2.135399 1.759184
0.263392 1 1.947191 1.885018 2.638809 4.432748 0.747723
3.027894 0.51356 1 3.522215 0.299303 2.41909 0.472874
0.255639 0.530499 0.283912 1 4.981772 3.795877 2.653078
0.352109 0.378959 3.341093 0.200732 1 0.816626 ?
0.468297 0.225594 0.413379 0.263444 1.224551 1 1.540366
0.568445 1.337393 2.11473 0.376921 ? 0.649196 1

Matrix 73:
1 3.394531 4.48728 3.540763 2.52298 1.599832 4.69841
0.294591 1 3.340718 1.293321 2.849738 4.192898 1.592557
0.222852 0.299337 1 4.042722 3.213952 4.164694 ?
0.282425 0.773203 0.247358 1 3.287862 3.881118 3.443556
0.396357 0.350909 0.311143 0.304149 1 2.377406 0.611922
0.625065 0.238499 0.240114 0.257658 0.420626 1 1.681717
0.212838 0.627921 ? 0.290397 1.634194 0.59463 1

Matrix 74:
1 3.330978 0.378926 3.103541 0.750201 2.796763 3.599533
0.300212 1 3.875149 0.200446 ? 3.469924 1.437526
2.639039 0.258055 1 1.891057 3.746647 2.696732 1.240567
0.322213 4.988864 0.528805 1 4.389167 0.94962 4.329889
1.332976 ? 0.266905 0.227834 1 3.975251 4.088317
0.357556 0.288191 0.370819 1.053052 0.251556 1 0.937624
0.277814 0.69564 0.806083 0.230953 0.244599 1.066525 1

Matrix 75:
1 0.613959 ? 1.126935 1.002178 2.214699 4.008191
1.628773 1 2.925917 2.705252 2.720184 1.395848 4.794287
? 0.341773 1 0.83045 2.837277 0.465175 2.683221
0.887362 0.369651 1.204167 1 1.484981 2.736452 2.619421
0.997827 0.367622 0.352451 0.673409 1 0.761122 3.506255
0.451529 0.71641 2.149728 0.365437 1.31385 1 2.407963
0.249489 0.208582 0.372686 0.381764 0.285205 0.415289 1

Matrix 76:
1 0.423416 0.35439 4.242513 1.542574 2.720861 ?
2.361741 1 0.680483 2.472935 0.25337 2.469399 4.227225
2.821748 1.469545 1 0.683832 3.298138 3.162436 1.191215
0.235709 0.404378 1.462348 1 2.474734 0.731238 4.063865
0.648267 3.946792 0.303201 0.404084 1 1.893406 4.59736
0.367531 0.404957 0.316212 1.367543 0.528149 1 4.589445
? 0.236562 0.839479 0.246071 0.217516 0.217891 1

Matrix 77:
1 2.74447 ? 1.305736 3.177919 1.165193 2.429996
0.364369 1 1.418129 3.140326 1.059794 0.628276 2.857056
? 0.705155 1 0.600876 0.437881 2.184897 1.282569
0.765852 0.318438 1.664238 1 2.373128 0.881897 4.795082
0.314671 0.94358 2.283725 0.421385 1 2.749438 3.838368
0.858227 1.591656 0.457687 1.13392 0.363711 1 3.856636
0.411523 0.350011 0.779685 0.208547 0.260527 0.259293 1

Matrix 78:
1 2.021578 2.880452 ? 2.706556 4.782207 3.726438
0.494663 1 3.273207 4.919925 0.971901 3.254364 4.187496
0.347168 0.305511 1 1.525493 3.04729 1.923735 4.174302
? 0.203255 0.655526 1 0.835869 4.531998 4.923849
0.369473 1.028912 0.32816 1.196359 1 3.242912 2.640234
0.209108 0.30728 0.519822 0.220653 0.308365 1 0.724105
0.268353 0.238806 0.239561 0.203093 0.378754 1.381016 1

Matrix 79:
1 1.207397 4.257304 4.074754 2.121979 4.429237 1.06393
0.828228 1 0.637692 3.635285 3.075916 0.729512 4.580965
0.23489 1.568155 1 4.623405 4.354748 ? 1.549975
0.245414 0.275082 0.216291 1 2.613263 4.384223 1.259967
0.471258 0.325106 0.229634 0.382663 1 2.668733 1.595761
0.225773 1.37078 ? 0.228091 0.37471 1 0.653464
0.939911 0.218295 0.645172 0.793672 0.62666 1.530305 1

Matrix 80:
1 3.678613 2.9156 4.60305 4.895747 3.750737 4.601739
0.271842 1 2.28568 2.251308 3.339138 1.125075 0.98482
0.342983 0.437507 1 3.91032 4.307133 2.27072 1.551125
0.217247 0.444186 0.255734 1 0.679378 3.09026 2.823333
0.204259 0.299478 0.232173 1.471934 1 1.94692 4.906898
0.266614 0.88883 0.440389 0.323597 0.513632 1 ?
0.217309 1.015414 0.644693 0.354191 0.203795 ? 1

Matrix 81:
1 0.991766 3.457312 2.891885 3.627562 0.241231 1.570037
1.008302 1 1.392434 0.282952 ? 4.329193 0.515203
0.289242 0.718167 1 2.830382 4.522126 0.585907 2.932273
0.345795 3.534174 0.353309 1 2.029673 2.32982 4.317325
0.275667 ? 0.221135 0.49269 1 1.766684 1.473356
4.145408 0.23099 1.706756 0.429218 0.566032 1 3.746621
0.636928 1.940984 0.341032 0.231625 0.678722 0.266907 1

Matrix 82:
1 ? 2.140637 2.164014 0.714089 4.975989 3.946191
? 1 3.549074 1.781082 4.535993 2.058307 3.834753
0.467151 0.281764 1 1.96408 2.064873 0.256479 2.687537
0.462104 0.561456 0.509144 1 2.780167 3.722099 3.600242
1.400385 0.220459 0.484291 0.359691 1 1.38315 1.959143
0.200965 0.485836 3.898952 0.268666 0.722987 1 2.279683
0.253409 0.260773 0.372088 0.277759 0.510427 0.438658 1

Matrix 83:
1 0.798392 0.782734 1.67197 0.738479 1.999012 0.830376
1.252517 1 3.173651 2.57502 3.063745 1.712144 3.730964
1.277574 0.315094 1 3.843717 3.324625 1.1276 1.840662
0.598097 0.388347 0.260165 1 2.706465 3.820412 4.161886
1.354134 0.326398 0.300786 0.369486 1 4.517468 0.502761
0.500247 0.584063 0.886839 0.261752 0.221363 1 ?
1.204274 0.268027 0.543283 0.240276 1.989016 ? 1

Matrix 84:
1 3.399879 2.970565 3.534411 4.428796 4.906229 2.925575
0.294128 1 1.0075 4.912712 4.207786 2.535185 0.646003
0.336636 0.992555 1 3.353945 3.329306 4.457622 1.097675
0.282933 0.203554 0.298156 1 3.429838 4.916971 ?
0.225795 0.237655 0.300363 0.291559 1 4.717236 0.46356
0.203823 0.394449 0.224335 0.203377 0.211989 1 1.65185
0.341813 1.547981 0.911016 ? 2.157217 0.605382 1

Matrix 85:
1 4.164735 1.543634 1.236556 0.710917 4.451037 4.819742
0.240111 1 3.900575 0.74863 1.732589 0.548581 4.210142
0.647822 0.256372 1 4.858911 2.154732 0.797341 2.64496
0.808698 1.335773 0.205807 1 ? 1.456951 1.886279
1.406633 0.577171 0.464095 ? 1 4.691492 2.864379
0.224667 1.822884 1.254169 0.686365 0.213152 1 0.582843
0.20748 0.237522 0.378078 0.530144 0.349116 1.715727 1

Matrix 86:
1 4.639762 4.001941 1.011564 4.045305 3.301318 1.602592
0.215528 1 2.19714 0.581261 0.245304 2.99299 4.798204
0.249879 0.455137 1 4.448655 3.734455 4.409177 ?
0.988568 1.720398 0.224787 1 3.20154 1.583864 2.708023
0.2472 4.076581 0.267777 0.31235 1 3.612395 4.164623
0.302909 0.334114 0.2268 0.631367 0.276825 1 1.240724
0.623989 0.208411 ? 0.369273 0.240118 0.805981 1

Matrix 87:
1 4.009297 0.599748 0.979139 0.818793 0.573832 3.684688
0.24942 1 2.520923 3.821988 1.630661 3.241146 0.753558
1.667366 0.39668 1 4.527852 2.40052 3.521828 3.508595
1.021306 0.261644 0.220855 1 ? 0.507047 1.92532
1.22131 0.613248 0.416576 ? 1 4.479025 4.036813
1.74267 0.308533 0.283943 1.972202 0.223263 1 4.232983
0.271393 1.327038 0.285014 0.519394 0.24772 0.23624 1

Matrix 88:
1 1.162833 2.737776 4.453861 2.562135 4.988864 2.170552
0.859969 1 2.898491 1.992078 3.473097 4.08443 1.548993
0.36526 0.345007 1 0.559158 1.308539 2.538024 4.801067
0.224524 0.501988 1.788404 1 3.687632 3.678627 2.409013
0.390299 0.287927 0.764211 0.271177 1 ? 4.346882
0.200446 0.244832 0.394007 0.271841 ? 1 4.270151
0.460712 0.645581 0.208287 0.415108 0.23005 0.234184 1

Matrix 89:
1 3.427163 0.209382 1.076273 4.974587 2.828425 3.148068
0.291787 1 1.664504 1.518873 4.029918 4.539717 2.120352
4.775961 0.60078 1 4.623427 3.347886 4.549256 2.258905
0.929133 0.658383 0.21629 1 4.992074 4.780861 2.845214
0.201022 0.248144 0.298696 0.200318 1 4.67658 1.261637
0.353554 0.220278 0.219816 0.209167 0.213831 1 ?
0.317655 0.47162 0.442692 0.351467 0.792621 ? 1

Matrix 90:
1 1.642374 0.431868 2.747115 1.480224 0.723701 3.201496
0.608875 1 4.58489 0.301043 2.339901 4.387225 2.155885
2.31552 0.218108 1 3.789447 4.536661 1.206112 3.68775
0.364018 3.321783 0.263891 1 2.714243 1.510265 1.717837
0.675573 0.427369 0.220426 0.368427 1 0.296127 ?
1.381787 0.227935 0.829111 0.662136 3.376926 1 3.56775
0.312354 0.463847 0.271168 0.582127 ? 0.280289 1

Matrix 91:
1 3.035868 2.777766 0.200286 2.441434 0.754749 1.638523
0.329395 1 4.705383 2.490666 4.768066 ? 4.291635
0.360002 0.212523 1 0.543977 1.442782 1.695408 3.104478
4.992873 0.401499 1.838313 1 0.754399 2.250261 4.664018
0.409595 0.209729 0.693105 1.325559 1 2.299384 4.917155
1.324944 ? 0.589829 0.444393 0.434899 1 3.809066
0.610306 0.233011 0.322115 0.214407 0.20337 0.262532 1

Matrix 92:
1 2.877693 3.516021 2.551961 3.863666 1.337045 4.698467
0.347501 1 0.742739 4.579188 4.801694 4.869529 2.814552
0.284412 1.346368 1 0.853865 2.919946 4.077668 4.260223
0.391855 0.218379 1.171145 1 2.306372 1.712287 3.336586
0.258822 0.20826 0.342472 0.433581 1 3.151889 0.26328
0.747918 0.205359 0.245238 0.584014 0.31727 1 ?
0.212835 0.355296 0.234729 0.299708 3.798239 ? 1

Matrix 93:
1 ? 4.762962 1.025802 3.507288 0.331557 1.636255
? 1 3.270124 0.605041 1.691836 1.349406 4.295809
0.209953 0.305799 1 4.575219 0.531961 4.189571 4.912178
0.974847 1.652782 0.218569 1 2.118423 3.522583 3.080297
0.285121 0.591074 1.879837 0.472049 1 2.712088 2.536771
3.016069 0.741067 0.238688 0.283883 0.36872 1 3.109198
0.611152 0.232785 0.203576 0.324644 0.394202 0.321626 1

Matrix 94:
1 4.291955 4.153403 2.289363 0.805716 3.621244 4.777802
0.232994 1 4.5203 4.473189 3.225005 4.663729 4.717539
0.240766 0.221224 1 3.709895 2.071109 ? 1.407178
0.436803 0.223554 0.269549 1 4.023422 0.719036 4.179153
1.241133 0.310077 0.482833 0.248545 1 0.609996 1.381724
0.276148 0.214421 ? 1.390752 1.639354 1 0.889109
0.209301 0.211975 0.710642 0.239283 0.723734 1.124721 1

Matrix 95:
1 2.313168 1.173933 3.664451 1.102782 ? 2.598838
0.432308 1 0.712634 0.791524 3.405559 4.978515 0.831658
0.851837 1.403244 1 0.344469 2.518492 1.880997 3.792104
0.272892 1.263386 2.903018 1 0.534435 1.006202 4.9134
0.906797 0.293638 0.397063 1.871134 1 3.19727 2.793698
? 0.200863 0.531633 0.993836 0.312767 1 1.240797
0.384787 1.202417 0.263706 0.203525 0.357948 0.805933 1

Matrix 96:
1 2.959794 3.790266 3.794303 2.909378 4.073142 2.425604
0.337861 1 4.958678 2.152415 1.753497 2.695308 2.193991
0.263834 0.201667 1 3.81325 4.685994 3.986926 2.868856
0.263553 0.464594 0.262243 1 0.266867 0.27917 2.862868
0.343716 0.570289 0.213402 3.747192 1 ? 2.764475
0.245511 0.371015 0.25082 3.582052 ? 1 1.754016
0.412269 0.45579 0.348571 0.3493 0.361732 0.57012 1

Matrix 97:
1 1.392447 2.547887 2.854189 1.437618 2.272091 3.055631
0.71816 1 3.254622 0.70838 1.139328 0.328724 ?
0.392482 0.307255 1 1.313777 2.809588 0.575831 0.269141
0.350362 1.411672 0.761164 1 4.389129 3.864542 3.410655
0.695595 0.87771 0.355924 0.227836 1 2.318643 4.703239
0.440123 3.042065 1.736619 0.258763 0.431287 1 3.382499
0.327265 ? 3.715526 0.293199 0.212619 0.295639 1

Matrix 98:
1 0.247918 2.845717 4.805263 2.359019 0.213363 3.540503
4.033596 1 3.691948 2.715201 1.783517 2.885755 4.213412
0.351405 0.27086 1 4.450163 2.581569 2.395328 3.091868
0.208105 0.368297 0.224711 1 ? 2.433756 3.13788
0.423905 0.56069 0.387361 ? 1 2.302631 3.405864
4.686851 0.34653 0.417479 0.410888 0.434286 1 3.08118
0.282446 0.237337 0.323429 0.318686 0.293611 0.324551 1

Matrix 99:
1 2.219557 3.97729 1.548994 4.92 0.429112 2.455836
0.45054 1 3.039628 2.430006 2.916895 4.120117 2.646202
0.251427 0.328988 1 3.83976 2.146224 3.189353 ?
0.64558 0.411522 0.260433 1 3.095224 3.391179 4.7682
0.203252 0.34283 0.465935 0.323078 1 2.924948 3.394985
2.330395 0.242712 0.313543 0.294883 0.341886 1 3.41421
0.407193 0.3779 ? 0.209723 0.294552 0.292894 1

Matrix 100:
1 3.677112 4.690401 2.412597 3.044758 3.340973 1.411419
0.271953 1 0.442934 0.705692 1.037661 0.310704 3.035697
0.213201 2.257673 1 0.876056 0.440621 3.125202 ?
0.414491 1.417049 1.141479 1 4.666466 4.983647 0.915219
0.328433 0.963706 2.269524 0.214295 1 4.835061 4.396428
0.299314 3.218496 0.319979 0.200656 0.206823 1 2.301828
0.708507 0.329414 ? 1.092634 0.227457 0.434437 1

