Matrix 1:
1 2.862455 ? ? 0.976043
0.349351 1 1.334365 1.267085 1.338697
? 0.74942 1 3.634016 2.047344
? 0.789213 0.275178 1 2.408614
1.024545 0.746995 0.488438 0.415176 1

Matrix 2:
1 2.847629 0.559634 3.205178 4.04289
0.351169 1 3.515215 ? 2.61232
1.786882 0.284478 1 1.134244 ?
0.311995 ? 0.881644 1 1.46981
0.247348 0.382801 ? 0.68036 1

Matrix 3:
1 1.887017 1.14412 3.140342 1.479492
0.529937 1 ? ? 2.103018
0.874035 ? 1 1.352257 2.707988
0.318437 ? 0.739505 1 3.04913
0.675908 0.475507 0.369278 0.327962 1

Matrix 4:
1 2.724243 4.564554 1.146558 2.5778
0.367074 1 ? 0.513108 ?
0.219079 ? 1 3.894723 3.856839
0.872176 1.948908 0.256758 1 2.028473
0.387928 ? 0.25928 0.492982 1

Matrix 5:
1 4.376031 ? 2.392526 2.702465
0.228518 1 3.950467 1.152999 1.319205
? 0.253135 1 2.094237 4.993401
0.417968 0.867304 0.477501 1 ?
0.370032 0.758033 0.200264 ? 1

Matrix 6:
1 2.379865 ? 1.476487 2.136817
0.420192 1 1.486579 0.590457 1.702053
? 0.672685 1 ? 3.158023
0.677283 1.693604 ? 1 3.856293
0.467986 0.587526 0.316654 0.259316 1

Matrix 7:
1 2.389132 ? 2.467066 0.470814
0.418562 1 3.916729 0.701225 2.63575
? 0.255315 1 ? 3.14474
0.40534 1.426077 ? 1 1.266608
2.123981 0.379399 0.317991 0.78951 1

Matrix 8:
1 ? 3.000072 ? 2.376222
? 1 4.86063 2.158811 4.547508
0.333325 0.205735 1 0.423317 4.414054
? 0.463218 2.362294 1 0.310434
0.420836 0.219901 0.226549 3.2213 1

Matrix 9:
1 4.963463 3.926102 4.865667 ?
0.201472 1 ? 1.142745 1.747702
0.254706 ? 1 1.208047 1.258434
0.205522 0.875086 0.827783 1 0.391716
? 0.57218 0.794638 2.552868 1

Matrix 10:
1 4.91374 2.147307 4.465267 3.28489
0.203511 1 1.524993 ? 2.545061
0.465699 0.655741 1 ? 4.838738
0.223951 ? ? 1 3.764615
0.304424 0.392918 0.206665 0.265631 1

Matrix 11:
1 ? 2.370763 4.872742 0.213245
? 1 0.280328 1.677901 4.115613
0.421805 3.567244 1 ? 3.60314
0.205223 0.595983 ? 1 1.481268
4.689443 0.242977 0.277536 0.675097 1

Matrix 12:
1 2.210577 ? 2.949991 ?
0.452371 1 0.793222 3.574934 2.653607
? 1.260681 1 4.509481 1.764452
0.338984 0.279725 0.221755 1 3.267827
? 0.376846 0.566748 0.306014 1

Matrix 13:
1 ? ? 3.759075 1.426254
? 1 3.269997 2.971406 3.827088
? 0.305811 1 4.599796 3.351913
0.266023 0.336541 0.217401 1 2.893497
0.701138 0.261295 0.298337 0.345603 1

Matrix 14:
1 1.170475 4.575247 4.072421 3.370403
0.854354 1 ? 0.345537 0.537307
0.218567 ? 1 3.276134 ?
0.245554 2.894043 0.305238 1 2.494113
0.2967 1.861133 ? 0.400944 1

Matrix 15:
1 2.17054 ? 2.37499 1.978874
0.460715 1 0.707817 3.631261 4.196295
? 1.412794 1 ? 3.113849
0.421054 0.275386 ? 1 1.951494
0.505338 0.238305 0.321146 0.512428 1

Matrix 16:
1 1.087343 3.779232 2.695113 ?
0.919673 1 4.267188 4.155753 0.539478
0.264604 0.234346 1 3.247279 3.044569
0.371042 0.24063 0.30795 1 ?
? 1.853643 0.328454 ? 1

Matrix 17:
1 2.757822 ? 3.260076 3.102128
0.362605 1 ? 1.650175 2.443836
? ? 1 0.262118 1.941001
0.306741 0.605996 3.815082 1 0.694419
0.322359 0.409193 0.515198 1.440053 1

Matrix 18:
1 2.716212 1.667095 0.430276 ?
0.36816 1 3.495709 0.378568 ?
0.599846 0.286065 1 0.53945 2.164715
2.324088 2.641535 1.85374 1 2.574201
? ? 0.461954 0.38847 1

Matrix 19:
1 2.187071 4.82125 ? 3.762725
0.457233 1 2.153217 3.572413 2.816145
0.207415 0.464421 1 2.215538 2.258804
? 0.279923 0.451358 1 ?
0.265765 0.355095 0.442712 ? 1

Matrix 20:
1 3.670218 2.141502 4.382201 ?
0.272463 1 0.74821 2.758039 4.992767
0.466962 1.336522 1 3.816188 4.773498
0.228196 0.362577 0.262042 1 ?
? 0.20029 0.20949 ? 1

Matrix 21:
1 ? 1.124403 0.545009 4.489776
? 1 4.897155 ? 2.673892
0.889361 0.2042 1 1.91029 0.787334
1.834831 ? 0.523481 1 2.394096
0.222728 0.373987 1.27011 0.417694 1

Matrix 22:
1 4.225469 0.906583 ? 2.141426
0.23666 1 2.50965 3.480078 2.810709
1.103043 0.398462 1 4.040054 4.685664
? 0.28735 0.247521 1 ?
0.466979 0.355782 0.213417 ? 1

Matrix 23:
1 2.255072 2.241643 1.485799 2.526418
0.443445 1 0.342957 2.575091 ?
0.446101 2.915815 1 ? 3.631291
0.673038 0.388336 ? 1 1.025457
0.395817 ? 0.275384 0.975175 1

Matrix 24:
1 ? 0.951747 ? 3.130531
? 1 0.271212 0.214082 2.772104
1.050699 3.687151 1 1.497573 2.611931
? 4.671107 0.667747 1 4.690127
0.319435 0.360737 0.382859 0.213214 1

Matrix 25:
1 2.080174 0.36453 ? 1.126114
0.480729 1 0.344168 1.261106 ?
2.743255 2.905555 1 4.200433 2.027655
? 0.792955 0.238071 1 2.314665
0.88801 ? 0.49318 0.432028 1

Matrix 26:
1 ? 2.880044 2.500906 ?
? 1 1.567473 2.567362 2.846264
0.347217 0.63797 1 0.337817 2.051855
0.399855 0.389505 2.960185 1 1.801047
? 0.351338 0.487364 0.555233 1

Matrix 27:
1 4.708601 4.303233 1.352591 2.667087
0.212377 1 2.953595 4.92119 ?
0.232383 0.33857 1 ? 3.442348
0.739322 0.203203 ? 1 3.029357
0.374941 ? 0.290499 0.330103 1

Matrix 28:
1 2.63751 ? 0.428547 2.504932
0.379145 1 1.007857 3.94683 3.697382
? 0.992204 1 ? 2.049287
2.333468 0.253368 ? 1 2.155623
0.399212 0.270462 0.487975 0.463903 1

Matrix 29:
1 4.906716 ? 2.368075 2.963189
0.203802 1 4.877204 1.879287 0.556875
? 0.205035 1 3.912883 4.19288
0.422284 0.532117 0.255566 1 ?
0.337474 1.795735 0.2385 ? 1

Matrix 30:
1 3.259686 2.023333 4.744863 ?
0.306778 1 ? 3.645004 4.548316
0.494234 ? 1 4.874391 3.75427
0.210754 0.274348 0.205154 1 4.371938
? 0.219862 0.266363 0.228731 1

Matrix 31:
1 3.190967 4.881214 ? 1.141882
0.313385 1 ? 0.699405 4.795921
0.204867 ? 1 1.106754 2.611008
? 1.429788 0.903544 1 3.089938
0.875747 0.208511 0.382994 0.323631 1

Matrix 32:
1 3.040243 4.755499 0.813337 3.515966
0.328921 1 3.005343 ? ?
0.210283 0.332741 1 0.347535 1.775917
1.229502 ? 2.877411 1 1.066783
0.284417 ? 0.563089 0.937398 1

Matrix 33:
1 1.130075 ? 0.968785 3.83862
0.884897 1 2.904865 4.706364 4.761213
? 0.34425 1 1.09907 4.422082
1.032221 0.212478 0.909861 1 ?
0.26051 0.210031 0.226138 ? 1

Matrix 34:
1 4.313287 2.881068 1.83513 4.705267
0.231842 1 ? 4.118363 3.73718
0.347094 ? 1 4.665598 ?
0.544921 0.242815 0.214335 1 2.802103
0.212528 0.267581 ? 0.356875 1

Matrix 35:
1 2.199727 0.389374 1.273417 4.249472
0.454602 1 0.867849 2.758924 ?
2.568226 1.152274 1 ? 3.617704
0.785289 0.36246 ? 1 4.446712
0.235323 ? 0.276418 0.224885 1

Matrix 36:
1 4.148711 2.645963 ? 0.79139
0.241039 1 0.372366 2.202344 3.94177
0.377934 2.685529 1 ? 4.742895
? 0.454062 ? 1 2.767355
1.263599 0.253693 0.210842 0.361356 1

Matrix 37:
1 3.114386 0.818687 2.171069 ?
0.321091 1 4.419438 1.307426 4.492869
1.221468 0.226273 1 2.405222 ?
0.460602 0.764862 0.415762 1 1.030548
? 0.222575 ? 0.970358 1

Matrix 38:
1 ? 4.698555 0.293509 1.257741
? 1 2.043169 2.28221 2.470796
0.212831 0.489436 1 1.053022 ?
3.407045 0.438172 0.949648 1 0.878145
0.795077 0.404728 ? 1.138764 1

Matrix 39:
1 2.47147 0.971256 2.543095 ?
0.404617 1 0.715981 0.238042 0.345168
1.029594 1.396685 1 ? 3.614604
0.393222 4.200946 ? 1 2.112037
? 2.897138 0.276656 0.473477 1

Matrix 40:
1 ? 2.732086 3.044913 3.047914
? 1 4.200676 ? 2.713618
0.366021 0.238057 1 3.105119 1.003352
0.328417 ? 0.322049 1 2.81145
0.328093 0.368512 0.996659 0.355688 1

Matrix 41:
1 2.995291 ? 1.457672 2.278569
0.333857 1 3.790875 0.875765 4.348051
? 0.263791 1 1.04315 ?
0.686025 1.141859 0.958635 1 0.274718
0.438872 0.229988 ? 3.640091 1

Matrix 42:
1 4.357537 1.899839 2.05182 ?
0.229487 1 0.299165 4.547981 2.444216
0.52636 3.34264 1 ? 1.875326
0.487372 0.219878 ? 1 3.36517
? 0.409129 0.533241 0.297162 1

Matrix 43:
1 2.794591 4.741376 2.911279 ?
0.357834 1 0.706162 0.931375 3.932087
0.210909 1.416106 1 2.405491 ?
0.343492 1.073681 0.415716 1 4.117329
? 0.254318 ? 0.242876 1

Matrix 44:
1 4.958714 1.120776 ? 3.007103
0.201665 1 4.407121 3.294508 ?
0.892239 0.226905 1 2.552364 2.577876
? 0.303535 0.391794 1 3.929159
0.332546 ? 0.387916 0.254507 1

Matrix 45:
1 4.238805 4.23232 ? 2.277559
0.235916 1 3.084892 1.016782 4.341895
0.236277 0.32416 1 ? 2.110155
? 0.983495 ? 1 0.784021
0.439066 0.230314 0.473899 1.275476 1

Matrix 46:
1 ? 0.5297 ? 3.615721
? 1 3.271229 4.363012 1.038897
1.887859 0.305696 1 2.425244 1.205325
? 0.229199 0.41233 1 2.558656
0.27657 0.96256 0.829652 0.39083 1

Matrix 47:
1 1.701349 2.32145 4.512114 0.288217
0.587769 1 3.927935 2.584436 ?
0.430765 0.254587 1 3.03646 3.873329
0.221626 0.386932 0.329331 1 ?
3.469609 ? 0.258176 ? 1

Matrix 48:
1 3.879506 ? ? 3.218639
0.257765 1 3.122749 0.971635 4.686806
? 0.320231 1 2.03566 0.324468
? 1.029193 0.491241 1 4.899281
0.31069 0.213365 3.08197 0.204112 1

Matrix 49:
1 4.864587 ? ? 4.868461
0.205567 1 3.254913 1.476867 4.994569
? 0.307228 1 2.822835 3.626596
? 0.677109 0.354254 1 2.823386
0.205404 0.200217 0.275741 0.354185 1

Matrix 50:
1 2.080844 4.699947 3.599638 ?
0.480574 1 0.524681 0.249735 0.724285
0.212768 1.905918 1 ? 2.434805
0.277806 4.004241 ? 1 2.396508
? 1.380672 0.41071 0.417274 1

Matrix 51:
1 2.896711 4.321038 2.540708 1.312685
0.345219 1 ? 3.678749 0.854198
0.231426 ? 1 1.584549 ?
0.393591 0.271832 0.631094 1 3.968286
0.761798 1.170689 ? 0.251998 1

Matrix 52:
1 2.863922 0.356826 3.480567 0.57824
0.349171 1 2.276139 4.96777 3.15513
2.802489 0.43934 1 ? 0.678099
0.28731 0.201298 ? 1 ?
1.729385 0.316944 1.474711 ? 1

Matrix 53:
1 1.280237 0.951275 2.925655 3.918572
0.781105 1 ? 2.902619 3.689605
1.05122 ? 1 ? 1.061883
0.341804 0.344516 ? 1 0.732954
0.255195 0.271032 0.941723 1.364342 1

Matrix 54:
1 2.676664 4.886748 1.094865 0.682649
0.373599 1 0.880213 ? ?
0.204635 1.136089 1 4.820995 2.792705
0.913355 ? 0.207426 1 2.838272
1.464881 ? 0.358076 0.352327 1

Matrix 55:
1 4.248112 1.984809 2.235191 ?
0.235399 1 0.24631 2.822353 4.577894
0.503827 4.059929 1 ? 3.412422
0.447389 0.354314 ? 1 3.85832
? 0.218441 0.293047 0.25918 1

Matrix 56:
1 0.823927 2.513059 1.810433 0.671905
1.2137 1 0.40771 4.666885 1.820206
0.397921 2.452724 1 ? ?
0.552354 0.214276 ? 1 0.622007
1.488306 0.549388 ? 1.6077 1

Matrix 57:
1 ? 2.699266 0.470803 3.516292
? 1 3.644709 0.612688 3.88692
0.370471 0.27437 1 0.562784 ?
2.124029 1.632152 1.776881 1 4.30528
0.28439 0.257273 ? 0.232273 1

Matrix 58:
1 2.113211 0.760615 ? 2.485381
0.473213 1 2.440044 ? 2.149717
1.314726 0.409829 1 3.613075 0.39052
? ? 0.276773 1 4.628876
0.402353 0.465177 2.560691 0.216035 1

Matrix 59:
1 3.492864 4.215739 0.388884 ?
0.286298 1 4.469021 4.069921 ?
0.237206 0.223763 1 0.997955 3.061991
2.571463 0.245705 1.002049 1 2.606526
? ? 0.326585 0.383652 1

Matrix 60:
1 3.423009 ? 1.050123 0.5007
0.292141 1 2.370017 3.030755 2.661714
? 0.421938 1 2.589272 ?
0.952269 0.329951 0.386209 1 4.532983
1.997204 0.375698 ? 0.220605 1

Matrix 61:
1 2.074739 2.852549 0.440675 3.046001
0.481988 1 2.44077 0.807038 3.448186
0.350564 0.409707 1 3.67979 ?
2.269247 1.239099 0.271755 1 ?
0.328299 0.290008 ? ? 1

Matrix 62:
1 ? 4.25186 2.070182 0.852314
? 1 4.206177 ? 2.790226
0.235191 0.237746 1 4.071099 1.422408
0.483049 ? 0.245634 1 0.495752
1.173277 0.358394 0.703033 2.017138 1

Matrix 63:
1 4.688272 4.255021 ? 3.421716
0.213298 1 1.775184 2.503392 1.308635
0.235016 0.563322 1 1.405075 ?
? 0.399458 0.711706 1 2.578519
0.292251 0.764155 ? 0.387819 1

Matrix 64:
1 1.961266 3.247926 ? 3.053494
0.509875 1 1.694693 ? 3.347751
0.307889 0.590078 1 2.704701 1.421997
? ? 0.369727 1 2.8693
0.327494 0.298708 0.703236 0.348517 1

Matrix 65:
1 1.365271 ? 4.512529 3.764155
0.732455 1 ? 2.730373 4.765218
? ? 1 4.142782 3.607018
0.221605 0.36625 0.241384 1 4.825551
0.265664 0.209854 0.277237 0.20723 1

Matrix 66:
1 3.523199 2.358512 0.910241 2.413502
0.283833 1 2.596074 4.435204 ?
0.423996 0.385197 1 1.284678 ?
1.09861 0.225469 0.778405 1 4.462165
0.414336 ? ? 0.224106 1

Matrix 67:
1 ? 3.744801 2.262345 4.506289
? 1 ? 2.215759 4.963671
0.267037 ? 1 4.668854 3.195297
0.442019 0.451313 0.214185 1 4.399375
0.221912 0.201464 0.31296 0.227305 1

Matrix 68:
1 0.655353 0.569653 3.330482 ?
1.525896 1 2.92295 3.556758 ?
1.755454 0.34212 1 2.851754 4.995374
0.300257 0.281155 0.350661 1 2.432893
? ? 0.200185 0.411033 1

Matrix 69:
1 3.849356 4.358113 2.972355 0.41711
0.259784 1 3.478065 ? 0.512153
0.229457 0.287516 1 ? 0.361808
0.336434 ? ? 1 4.233054
2.397447 1.952541 2.763898 0.236236 1

Matrix 70:
1 2.866438 0.673633 0.426152 ?
0.348865 1 0.200456 1.600555 3.810118
1.484488 4.988618 1 ? 2.208328
2.346581 0.624783 ? 1 3.5272
? 0.262459 0.452831 0.283511 1

Matrix 71:
1 0.840955 2.946256 2.613624 0.972177
1.189124 1 ? 3.612456 4.919061
0.339414 ? 1 4.533991 ?
0.38261 0.27682 0.220556 1 3.909413
1.028619 0.203291 ? 0.255793 1

Matrix 72:
1 1.860299 2.980518 3.196775 ?
0.537548 1 2.012609 2.404186 ?
0.335512 0.496867 1 4.750266 2.406484
0.312815 0.415941 0.210515 1 1.879217
? ? 0.415544 0.532137 1

Matrix 73:
1 1.94988 0.825088 1.066627 3.374817
0.512852 1 4.820441 2.673184 4.691105
1.211992 0.20745 1 ? 0.464748
0.937535 0.374086 ? 1 ?
0.296312 0.213169 2.151704 ? 1

Matrix 74:
1 2.556231 ? 0.206596 3.370141
0.391201 1 3.2616 ? 1.659362
? 0.306598 1 4.035412 1.028161
4.840359 ? 0.247806 1 2.028
0.296723 0.602641 0.97261 0.493097 1

Matrix 75:
1 1.375955 2.073443 ? 1.932061
0.726768 1 3.157646 2.837751 ?
0.48229 0.316692 1 4.755989 3.803498
? 0.352392 0.210261 1 1.252686
0.517582 ? 0.262916 0.798285 1

Matrix 76:
1 ? 1.270747 2.042119 4.601065
? 1 3.70742 1.523194 2.717849
0.786939 0.269729 1 ? 0.583259
0.489687 0.656515 ? 1 2.92155
0.217341 0.367938 1.714504 0.342284 1

Matrix 77:
1 1.937162 0.909868 ? 4.563738
0.516219 1 0.718271 ? 1.844747
1.099061 1.392233 1 4.31898 4.842188
? ? 0.231536 1 3.249578
0.219119 0.54208 0.206518 0.307732 1

Matrix 78:
1 0.716241 2.30345 2.735932 0.834387
1.396178 1 3.140425 2.182102 3.744599
0.434131 0.318428 1 ? ?
0.365506 0.458274 ? 1 3.527171
1.198485 0.267051 ? 0.283513 1

Matrix 79:
1 1.654786 2.121952 4.817977 ?
0.604308 1 1.724925 1.658286 1.950105
0.471264 0.579735 1 2.728073 4.887274
0.207556 0.603032 0.366559 1 ?
? 0.512793 0.204613 ? 1

Matrix 80:
1 4.127319 2.999905 1.642309 2.422249
0.242288 1 4.175714 ? 3.147573
0.333344 0.23948 1 2.447521 3.918167
0.608899 ? 0.408577 1 ?
0.41284 0.317705 0.255221 ? 1

Matrix 81:
1 0.962266 3.258248 3.530704 4.150466
1.039213 1 3.069953 2.900406 ?
0.306913 0.325738 1 1.358079 ?
0.28323 0.344779 0.736334 1 1.89374
0.240937 ? ? 0.528056 1

Matrix 82:
1 ? 0.699441 ? 4.156087
? 1 4.152249 1.145827 0.256391
1.429714 0.240833 1 0.639683 0.434761
? 0.872732 1.563274 1 0.321448
0.240611 3.900296 2.300115 3.110928 1

Matrix 83:
1 1.509463 ? 1.121398 ?
0.662487 1 4.56884 4.576566 0.878996
? 0.218874 1 4.472092 0.225715
0.891744 0.218504 0.223609 1 2.560632
? 1.137661 4.430375 0.390529 1

Matrix 84:
1 1.526028 2.564785 3.140713 2.748443
0.655296 1 ? 1.940661 1.394812
0.389896 ? 1 ? 2.036748
0.318399 0.515288 ? 1 1.700268
0.363842 0.716942 0.490979 0.588143 1

Matrix 85:
1 3.01804 0.666583 0.877424 3.746025
0.331341 1 0.974543 3.222965 ?
1.500188 1.026122 1 3.076347 ?
1.1397 0.310273 0.325061 1 3.754138
0.26695 ? ? 0.266373 1

Matrix 86:
1 1.938413 3.717703 4.261397 ?
0.515886 1 1.523039 0.471233 ?
0.268983 0.656582 1 4.194289 1.426914
0.234665 2.122092 0.238419 1 3.38825
? ? 0.700813 0.295138 1

Matrix 87:
1 ? ? 3.450116 4.664117
? 1 1.596541 3.336623 0.24987
? 0.626354 1 2.570641 0.593441
0.289845 0.299704 0.389008 1 2.821964
0.214403 4.00208 1.685089 0.354363 1

Matrix 88:
1 3.553742 2.19263 3.973127 ?
0.281394 1 2.061432 1.220484 2.661976
0.456073 0.4851 1 ? 2.254922
0.251691 0.819347 ? 1 4.199166
? 0.375661 0.443474 0.238143 1

Matrix 89:
1 2.459247 1.337696 2.265178 4.217772
0.406629 1 1.797415 3.405597 ?
0.747554 0.556355 1 ? 3.987068
0.441466 0.293634 ? 1 2.803113
0.237092 ? 0.250811 0.356746 1

Matrix 90:
1 1.988982 ? 3.784477 ?
0.50277 1 1.643096 4.46252 1.625195
? 0.608607 1 1.421272 0.523845
0.264237 0.224089 0.703595 1 1.624203
? 0.615311 1.908962 0.615687 1

Matrix 91:
1 ? 4.162746 2.224842 2.372644
? 1 1.723407 3.133585 4.126195
0.240226 0.580246 1 4.802721 ?
0.44947 0.319123 0.208215 1 2.352701
0.421471 0.242354 ? 0.425043 1

Matrix 92:
1 ? 2.662431 1.238653 2.101926
? 1 3.079387 4.330704 ?
0.375597 0.32474 1 1.142713 3.532388
0.807329 0.230909 0.87511 1 3.525838
0.475754 ? 0.283095 0.283621 1

Matrix 93:
1 ? 4.729389 1.435543 3.600926
? 1 2.48216 0.579161 3.392459
0.211444 0.402875 1 3.640168 ?
0.6966 1.726636 0.274713 1 4.575605
0.277706 0.294771 ? 0.21855 1

Matrix 94:
1 1.924622 3.174312 3.783369 1.23961
0.519583 1 1.987648 0.62551 4.169711
0.315029 0.503107 1 2.668586 ?
0.264315 1.598697 0.37473 1 ?
0.806705 0.239825 ? ? 1

Matrix 95:
1 0.768979 2.067013 0.978736 2.19022
1.300425 1 ? 0.954658 3.553342
0.48379 ? 1 ? 1.88466
1.021726 1.047496 ? 1 1.839158
0.456575 0.281425 0.5306 0.543727 1

Matrix 96:
1 4.709845 1.279362 ? ?
0.212321 1 3.708055 4.881762 0.958111
0.78164 0.269683 1 2.203345 0.63726
? 0.204844 0.453855 1 3.624001
? 1.04372 1.569218 0.275938 1

Matrix 97:
1 3.494757 0.831407 ? 3.211317
0.286143 1 0.34289 ? 2.342811
1.20278 2.916387 1 0.330867 4.815472
? ? 3.022365 1 2.230267
0.311399 0.426838 0.207664 0.448377 1

Matrix 98:
1 1.005154 ? 2.162316 1.337768
0.994872 1 ? 3.557859 3.352875
? ? 1 2.389845 3.785399
0.462467 0.281068 0.418437 1 3.189773
0.747514 0.298252 0.264173 0.313502 1

Matrix 99:
1 4.129675 1.483908 2.892711 4.490341
0.24215 1 4.98531 1.964203 ?
0.673896 0.200589 1 1.873218 1.198683
0.345696 0.509112 0.533841 1 ?
0.2227 ? 0.834249 ? 1

Matrix 100:
1 3.235771 4.176091 3.548271 ?
0.309045 1 0.214083 ? 0.97483
0.239458 4.671095 1 2.585417 0.480498
0.281827 ? 0.386785 1 3.768842
? 1.025819 2.081173 0.265334 1

