Matrix 1:
1 2.166008 4.202185 2.398091 3.114806
0.461679 1 4.194739 ? 1.620398
0.237971 0.238394 1 4.959756 4.844962
0.416998 ? 0.201623 1 1.537154
0.321047 0.617132 0.2064 0.650553 1

Matrix 2:
1 ? 0.974871 2.870963 4.204032
? 1 2.661003 1.143654 4.984335
1.025777 0.375798 1 4.784435 4.047061
0.348315 0.87439 0.209011 1 0.589075
0.237867 0.200629 0.247093 1.697577 1

Matrix 3:
1 4.137593 1.477007 0.218674 ?
0.241686 1 0.606753 1.674376 1.190967
0.677045 1.648117 1 1.752694 2.15102
4.573021 0.597237 0.57055 1 0.952381
? 0.839654 0.464896 1.05 1

Matrix 4:
1 1.160079 1.197969 2.994076 1.37976
0.862011 1 4.693537 2.929778 0.955111
0.834746 0.213059 1 1.265922 3.796174
0.333993 0.341323 0.789938 1 ?
0.724764 1.046999 0.263423 ? 1

Matrix 5:
1 ? 3.029474 3.675479 3.266953
? 1 1.90624 3.384243 2.460231
0.33009 0.524593 1 3.51783 1.622483
0.272073 0.295487 0.284266 1 1.130882
0.306096 0.406466 0.616339 0.884265 1

Matrix 6:
1 2.644201 ? 3.151782 2.10996
0.378186 1 3.810854 2.711329 1.283659
? 0.262408 1 0.554805 1.590454
0.317281 0.368823 1.802434 1 1.980926
0.473943 0.779023 0.628751 0.504815 1

Matrix 7:
1 4.469177 3.091915 ? 2.825753
0.223755 1 3.987508 3.569474 3.46551
0.323424 0.250783 1 3.569412 0.834482
? 0.280153 0.280158 1 0.608873
0.353888 0.288558 1.198348 1.642377 1

Matrix 8:
1 1.716158 4.147062 ? 4.323376
0.582697 1 3.91755 2.611967 4.2203
0.241135 0.255262 1 4.292091 0.995878
? 0.382853 0.232987 1 1.8482
0.231301 0.23695 1.004139 0.541067 1

Matrix 9:
1 2.33559 3.401214 3.865663 3.938108
0.428157 1 1.060279 ? 4.881818
0.294013 0.943148 1 1.587079 3.133341
0.258688 ? 0.630088 1 3.710734
0.253929 0.204842 0.319148 0.269488 1

Matrix 10:
1 4.800192 3.209278 ? 1.479754
0.208325 1 2.096472 2.176857 2.302009
0.311597 0.476992 1 3.266389 0.93554
? 0.459378 0.306148 1 2.050406
0.675788 0.434403 1.068901 0.487708 1

Matrix 11:
1 ? 1.880424 2.724351 1.987626
? 1 4.592314 1.8019 3.634245
0.531795 0.217755 1 0.893974 4.637083
0.36706 0.55497 1.118601 1 3.769159
0.503113 0.27516 0.215653 0.265311 1

Matrix 12:
1 4.398472 4.873027 ? 4.289079
0.227352 1 3.429016 2.560621 3.089825
0.205211 0.291629 1 2.934152 4.511047
? 0.39053 0.340814 1 0.995182
0.23315 0.323643 0.221678 1.004842 1

Matrix 13:
1 3.960722 0.559104 0.265864 4.124846
0.252479 1 ? 2.141783 1.384866
1.788577 ? 1 4.163718 2.516704
3.761315 0.466901 0.24017 1 1.256376
0.242433 0.722092 0.397345 0.79594 1

Matrix 14:
1 0.286578 ? 2.995897 4.306962
3.489453 1 3.251198 0.707802 2.944898
? 0.307579 1 1.610805 1.387472
0.33379 1.412824 0.620807 1 1.203398
0.232182 0.33957 0.720735 0.830981 1

Matrix 15:
1 2.284093 2.057997 0.40482 3.760078
0.43781 1 ? 1.275855 1.189397
0.485909 ? 1 1.827294 0.41677
2.470235 0.783788 0.547257 1 4.262746
0.265952 0.840762 2.399406 0.234591 1

Matrix 16:
1 0.712831 4.184176 2.751649 4.246354
1.402857 1 3.340988 0.871369 4.527169
0.238996 0.299313 1 ? 2.75097
0.363418 1.14762 ? 1 2.131997
0.235496 0.220889 0.363508 0.469044 1

Matrix 17:
1 4.489963 3.730515 0.648854 4.770418
0.222719 1 1.934695 2.408314 ?
0.26806 0.516877 1 1.789542 0.664076
1.541179 0.415228 0.558802 1 4.73724
0.209625 ? 1.505853 0.211093 1

Matrix 18:
1 3.251959 4.866629 2.550249 3.563728
0.307507 1 2.861677 2.405762 ?
0.205481 0.349445 1 0.320853 4.595549
0.392119 0.415669 3.116689 1 2.235177
0.280605 ? 0.217602 0.447392 1

Matrix 19:
1 3.191289 0.699544 3.42414 1.063197
0.313353 1 3.836572 3.005517 1.303849
1.429503 0.260649 1 1.54749 ?
0.292044 0.332721 0.646208 1 2.159538
0.940559 0.76696 ? 0.463062 1

Matrix 20:
1 0.643316 3.616923 4.610388 4.864823
1.554446 1 1.322957 1.833483 ?
0.276478 0.755882 1 4.785515 4.861748
0.216902 0.54541 0.208964 1 2.24915
0.205557 ? 0.205687 0.444612 1

Matrix 21:
1 1.32571 0.544972 2.290228 1.622059
0.754313 1 1.222677 0.890127 ?
1.834958 0.817878 1 2.984832 2.337724
0.436638 1.123435 0.335027 1 0.243777
0.6165 ? 0.427766 4.102102 1

Matrix 22:
1 2.347629 3.312126 3.922319 4.580543
0.425962 1 4.348681 0.644518 4.58223
0.301921 0.229955 1 2.040411 ?
0.254951 1.551547 0.490097 1 3.077207
0.218315 0.218234 ? 0.32497 1

Matrix 23:
1 2.71806 ? 1.800042 4.920243
0.36791 1 1.635509 2.473142 3.993683
? 0.61143 1 4.691166 1.318627
0.555543 0.404344 0.213167 1 0.62259
0.203242 0.250395 0.758365 1.606195 1

Matrix 24:
1 0.834101 4.178808 4.47359 4.432435
1.198896 1 0.476097 4.447058 ?
0.239303 2.100411 1 4.363128 1.728425
0.223534 0.224868 0.229193 1 4.534794
0.22561 ? 0.578561 0.220517 1

Matrix 25:
1 1.778096 ? 0.804822 1.536439
0.562399 1 1.37609 2.336508 1.123665
? 0.726697 1 4.804078 2.758974
1.24251 0.427989 0.208156 1 0.399392
0.650856 0.889945 0.362454 2.503807 1

Matrix 26:
1 4.570695 4.679152 2.619273 ?
0.218785 1 3.235619 3.938976 3.235066
0.213714 0.30906 1 4.73393 2.519433
0.381785 0.253873 0.211241 1 4.048608
? 0.309113 0.396915 0.246998 1

Matrix 27:
1 1.256307 3.60145 4.569076 2.295672
0.795984 1 2.221016 ? 0.867731
0.277666 0.450244 1 2.062126 2.174768
0.218863 ? 0.484936 1 0.693143
0.435602 1.152431 0.459819 1.442704 1

Matrix 28:
1 0.787376 2.288265 4.668636 ?
1.270041 1 1.37589 4.305495 2.430803
0.437012 0.726802 1 2.291527 2.513606
0.214195 0.232261 0.43639 1 1.475025
? 0.411387 0.397835 0.677954 1

Matrix 29:
1 2.735309 4.250097 2.981259 2.136749
0.365589 1 0.944627 ? 3.97696
0.235289 1.058619 1 2.975685 0.334185
0.335429 ? 0.336057 1 1.366262
0.468001 0.251448 2.992354 0.731924 1

Matrix 30:
1 0.727375 3.562696 0.542285 0.386234
1.374806 1 3.291887 0.955178 0.64672
0.280686 0.303777 1 3.622304 ?
1.844047 1.046926 0.276067 1 1.977573
2.589101 1.546263 ? 0.50567 1

Matrix 31:
1 3.238178 1.989877 ? 0.79478
0.308816 1 1.95305 3.977049 4.816326
0.502544 0.51202 1 2.412929 3.547026
? 0.251443 0.414434 1 1.455693
1.258211 0.207627 0.281926 0.686958 1

Matrix 32:
1 ? 4.368543 2.365001 1.565242
? 1 3.462938 1.030701 4.934455
0.228909 0.288772 1 2.876528 0.738958
0.422833 0.970214 0.347641 1 0.518459
0.638879 0.202657 1.353256 1.928791 1

Matrix 33:
1 0.56685 2.49157 0.949728 1.409872
1.764134 1 1.728045 3.09238 ?
0.401353 0.578688 1 1.24968 4.594153
1.052933 0.323375 0.800205 1 4.843001
0.709284 ? 0.217668 0.206484 1

Matrix 34:
1 0.990193 3.916558 1.312994 2.130804
1.009905 1 0.957483 0.515282 2.182249
0.255326 1.044404 1 ? 0.501053
0.761618 1.940686 ? 1 1.080055
0.469306 0.458243 1.995797 0.925879 1

Matrix 35:
1 1.3622 1.426256 0.671954 1.490735
0.734107 1 4.275646 ? 3.003404
0.701136 0.233883 1 1.078714 4.646229
1.488197 ? 0.92703 1 1.114228
0.67081 0.332956 0.215228 0.897482 1

Matrix 36:
1 1.256107 ? 3.974606 0.837145
0.796111 1 2.205586 0.953757 2.498556
? 0.453394 1 2.555487 3.40441
0.251597 1.048485 0.391315 1 2.540015
1.194536 0.400231 0.293737 0.393698 1

Matrix 37:
1 2.335366 3.786742 4.283606 2.667293
0.428198 1 1.669249 0.320319 0.586675
0.264079 0.599072 1 0.248863 1.373233
0.233448 3.121887 4.018272 1 ?
0.374912 1.704522 0.728209 ? 1

Matrix 38:
1 1.466564 0.85484 2.95088 1.642041
0.681866 1 2.225686 ? 1.614237
1.16981 0.4493 1 4.505639 3.225952
0.338882 ? 0.221944 1 3.466167
0.608998 0.619488 0.309986 0.288503 1

Matrix 39:
1 4.378816 3.887254 0.813745 3.208025
0.228372 1 3.214091 1.185809 ?
0.257251 0.31113 1 3.590433 4.884952
1.228886 0.843306 0.278518 1 1.939067
0.311718 ? 0.20471 0.515712 1

Matrix 40:
1 1.429704 1.073382 0.548516 1.600622
0.699446 1 3.336628 ? 2.389249
0.931635 0.299704 1 1.676667 4.953202
1.8231 ? 0.596421 1 1.060155
0.624757 0.418541 0.20189 0.943258 1

Matrix 41:
1 4.147899 1.397184 ? 0.548389
0.241086 1 0.851074 2.379896 4.813791
0.715725 1.174986 1 2.304158 1.327782
? 0.420186 0.433998 1 1.417537
1.823524 0.207736 0.753136 0.705449 1

Matrix 42:
1 3.214528 1.085656 0.446989 3.91195
0.311088 1 3.755254 ? 3.115803
0.921102 0.266294 1 4.62481 4.162665
2.237191 ? 0.216225 1 1.928466
0.255627 0.320945 0.240231 0.518547 1

Matrix 43:
1 1.349189 1.234176 2.475901 ?
0.741186 1 3.9328 1.795218 3.767274
0.810258 0.254272 1 4.536389 4.958484
0.403893 0.557035 0.22044 1 3.579968
? 0.265444 0.201675 0.279332 1

Matrix 44:
1 2.30119 3.537743 1.967757 1.084021
0.434558 1 2.803209 1.434147 ?
0.282666 0.356734 1 0.306205 2.582768
0.508193 0.697278 3.265785 1 0.865981
0.922492 ? 0.387182 1.154759 1

Matrix 45:
1 4.68824 3.956655 3.671435 4.137124
0.2133 1 0.409402 ? 1.606093
0.252739 2.442587 1 3.3443 4.948574
0.272373 ? 0.299016 1 3.311061
0.241714 0.622629 0.202078 0.302018 1

Matrix 46:
1 2.090605 ? 4.900324 2.974795
0.47833 1 1.934111 0.662744 1.340879
? 0.517033 1 4.19982 0.383047
0.204068 1.508879 0.238105 1 4.147306
0.336158 0.74578 2.610649 0.24112 1

Matrix 47:
1 2.925209 1.882299 1.982085 1.954683
0.341856 1 ? 2.933291 3.569815
0.531265 ? 1 3.473445 1.698186
0.504519 0.340914 0.287899 1 0.394083
0.511592 0.280127 0.588864 2.537533 1

Matrix 48:
1 3.677477 1.904085 2.675721 2.891826
0.271926 1 1.704256 1.416417 ?
0.525187 0.586766 1 4.52012 1.882222
0.373731 0.706007 0.221233 1 1.221855
0.345802 ? 0.531287 0.818427 1

Matrix 49:
1 4.659984 3.579683 4.417007 4.137393
0.214593 1 4.11647 0.635564 4.267612
0.279354 0.242927 1 2.895118 ?
0.226398 1.573407 0.345409 1 3.81837
0.241698 0.234323 ? 0.261892 1

Matrix 50:
1 1.979805 4.984509 3.250544 1.163413
0.5051 1 2.356066 3.335294 ?
0.200622 0.424436 1 2.710193 3.873525
0.307641 0.299824 0.368977 1 4.57883
0.85954 ? 0.258163 0.218396 1

Matrix 51:
1 1.446506 2.856648 0.425829 4.671502
0.691321 1 4.013558 2.663092 4.204158
0.350061 0.249155 1 3.971174 4.773628
2.348363 0.375503 0.251815 1 ?
0.214064 0.23786 0.209484 ? 1

Matrix 52:
1 2.576423 2.631663 3.047353 1.794597
0.388135 1 0.492148 0.287312 2.266595
0.379988 2.03191 1 ? 0.830423
0.328154 3.480537 ? 1 3.296284
0.557228 0.44119 1.204206 0.303372 1

Matrix 53:
1 ? 2.089978 1.775372 1.481591
? 1 3.005301 1.639266 0.421458
0.478474 0.332745 1 0.42144 2.353159
0.563262 0.610029 2.372819 1 3.479562
0.67495 2.372718 0.424961 0.287392 1

Matrix 54:
1 ? 2.998352 4.587511 4.89687
? 1 0.600544 1.566741 2.276366
0.333517 1.665158 1 2.314017 4.388345
0.217983 0.638267 0.432149 1 1.434753
0.204212 0.439297 0.227876 0.696984 1

Matrix 55:
1 0.612592 ? 0.700388 1.294504
1.632408 1 2.576387 0.451626 2.519627
? 0.38814 1 3.387699 1.386804
1.427781 2.21422 0.295186 1 2.762639
0.772497 0.396884 0.721082 0.361973 1

Matrix 56:
1 2.342872 1.15194 1.622303 3.190916
0.426827 1 0.75731 ? 0.939766
0.8681 1.320463 1 0.452479 1.717296
0.616407 ? 2.210049 1 3.721234
0.31339 1.064095 0.582311 0.268728 1

Matrix 57:
1 3.916036 2.2364 0.459386 2.299434
0.25536 1 0.320561 4.679935 1.285529
0.447147 3.119528 1 ? 4.313427
2.176819 0.213678 ? 1 0.459183
0.43489 0.77789 0.231834 2.177782 1

Matrix 58:
1 3.193029 2.165175 4.54973 ?
0.313182 1 1.802702 3.790009 1.574022
0.461857 0.554723 1 1.572296 4.470108
0.219793 0.263852 0.636012 1 2.468912
? 0.635315 0.223708 0.405037 1

Matrix 59:
1 4.198783 2.157892 0.796819 1.220524
0.238164 1 2.07655 4.36314 4.457672
0.463415 0.481568 1 ? 4.139889
1.254991 0.229193 ? 1 3.605323
0.81932 0.224332 0.241552 0.277368 1

Matrix 60:
1 3.769761 4.305956 1.509502 3.740712
0.265269 1 4.148095 ? 3.296123
0.232236 0.241075 1 4.961743 4.703898
0.66247 ? 0.201542 1 4.856098
0.267329 0.303387 0.21259 0.205927 1

Matrix 61:
1 2.418234 4.614162 1.645889 0.71771
0.413525 1 2.010684 0.539842 3.149131
0.216724 0.497343 1 3.769415 ?
0.607574 1.852394 0.265293 1 2.542946
1.393321 0.317548 ? 0.393245 1

Matrix 62:
1 3.956368 2.910025 2.219413 4.253151
0.252757 1 ? 4.658364 4.057158
0.34364 ? 1 1.213261 1.791786
0.45057 0.214668 0.824225 1 0.294814
0.23512 0.246478 0.558102 3.39197 1

Matrix 63:
1 2.183364 4.354746 0.429959 0.241874
0.458009 1 4.632931 4.131499 1.55521
0.229635 0.215846 1 ? 4.443195
2.325801 0.242043 ? 1 1.42794
4.134376 0.643 0.225063 0.70031 1

Matrix 64:
1 3.110237 0.742277 4.637161 2.928741
0.321519 1 2.281979 2.913352 0.542371
1.347206 0.438216 1 ? 2.310053
0.215649 0.343247 ? 1 4.701297
0.341444 1.843757 0.432891 0.212707 1

Matrix 65:
1 0.388875 3.302247 1.498556 0.318852
2.571522 1 ? 2.760301 4.035419
0.302824 ? 1 4.54562 4.695189
0.667309 0.362279 0.219992 1 4.681241
3.136251 0.247806 0.212984 0.213619 1

Matrix 66:
1 4.680873 4.828586 2.773749 1.254424
0.213635 1 2.526198 0.678826 1.404626
0.2071 0.395852 1 4.330664 ?
0.360523 1.473132 0.230911 1 2.129807
0.797179 0.711933 ? 0.469526 1

Matrix 67:
1 3.954687 3.332514 ? 2.716927
0.252865 1 1.503708 4.252156 0.954834
0.300074 0.665023 1 4.830474 4.611396
? 0.235175 0.207019 1 2.265487
0.368063 1.047302 0.216854 0.441406 1

Matrix 68:
1 3.756734 0.466868 2.997907 1.600242
0.266189 1 ? 1.046957 0.767402
2.141933 ? 1 4.044804 3.700948
0.333566 0.955149 0.247231 1 0.25777
0.624906 1.303097 0.270201 3.879425 1

Matrix 69:
1 4.241392 0.948864 0.649743 2.350781
0.235772 1 3.177132 0.371164 ?
1.053891 0.314749 1 0.701522 0.387471
1.53907 2.694229 1.425473 1 4.818575
0.425391 ? 2.580836 0.20753 1

Matrix 70:
1 1.656387 3.928615 0.220799 2.207278
0.603724 1 ? 4.66119 0.567821
0.254543 ? 1 3.141832 2.911612
4.529016 0.214537 0.318286 1 0.489331
0.453047 1.761119 0.343452 2.043608 1

Matrix 71:
1 3.244899 1.913987 2.190396 4.523715
0.308176 1 0.37285 1.847866 ?
0.52247 2.682046 1 1.070547 2.331695
0.456539 0.541165 0.934102 1 0.41137
0.221057 ? 0.428873 2.430901 1

Matrix 72:
1 1.163686 2.892155 3.540917 4.525382
0.859339 1 1.86461 1.763241 4.931364
0.345763 0.536305 1 ? 3.742745
0.282413 0.567137 ? 1 0.970796
0.220976 0.202784 0.267184 1.030082 1

Matrix 73:
1 2.752032 4.446104 3.553452 1.046155
0.363368 1 1.677271 4.398895 1.262848
0.224916 0.596207 1 3.88821 ?
0.281417 0.22733 0.257188 1 2.378771
0.955881 0.791861 ? 0.420385 1

Matrix 74:
1 2.550404 2.880661 4.789004 ?
0.392095 1 1.448132 3.880201 3.348384
0.347143 0.690545 1 0.949046 2.733508
0.208812 0.257719 1.053689 1 0.435986
? 0.298651 0.36583 2.293654 1

Matrix 75:
1 3.108286 1.342001 0.247864 0.507958
0.321721 1 2.728556 3.060351 2.988793
0.745156 0.366494 1 2.964991 ?
4.034477 0.32676 0.337269 1 2.973339
1.968667 0.334583 ? 0.336322 1

Matrix 76:
1 4.071375 4.300939 2.920143 4.716699
0.245617 1 ? 2.868142 4.803061
0.232507 ? 1 1.051902 2.162438
0.342449 0.348658 0.950659 1 4.298214
0.212013 0.208201 0.462441 0.232655 1

Matrix 77:
1 0.432469 2.771918 2.207746 1.602963
2.312304 1 3.089378 4.532555 1.286572
0.360761 0.32369 1 ? 2.756014
0.452951 0.220626 ? 1 0.358078
0.623845 0.777259 0.362843 2.792688 1

Matrix 78:
1 2.787737 1.860133 3.543605 4.288347
0.358714 1 0.590772 ? 0.416642
0.537596 1.6927 1 3.179908 2.115864
0.282198 ? 0.314474 1 3.245445
0.23319 2.40014 0.47262 0.308124 1

Matrix 79:
1 4.44508 3.893507 0.661298 2.875855
0.224968 1 2.604299 0.609561 0.50466
0.256838 0.38398 1 ? 2.78054
1.512178 1.640525 ? 1 3.206822
0.347723 1.981531 0.359642 0.311835 1

Matrix 80:
1 2.709676 2.694137 ? 4.651883
0.369048 1 2.073782 0.500919 1.892574
0.371176 0.482211 1 2.505487 0.741613
? 1.99633 0.399124 1 3.755198
0.214967 0.528381 1.348413 0.266298 1

Matrix 81:
1 ? 0.293379 4.263385 0.432778
? 1 3.572255 4.12779 2.88362
3.408562 0.279935 1 4.661546 2.015716
0.234555 0.24226 0.214521 1 4.154573
2.310654 0.346786 0.496102 0.240699 1

Matrix 82:
1 3.272953 4.389052 1.215998 2.854856
0.305535 1 2.048528 0.905589 0.973789
0.22784 0.488155 1 0.854105 4.318932
0.82237 1.104254 1.170816 1 ?
0.35028 1.026917 0.231539 ? 1

Matrix 83:
1 2.362072 4.770176 ? 3.650133
0.423357 1 2.048978 1.468618 0.567588
0.209636 0.488048 1 1.693395 4.825411
? 0.680912 0.59053 1 0.559813
0.273963 1.76184 0.207236 1.786311 1

Matrix 84:
1 0.37314 ? 2.39392 0.938729
2.67996 1 2.520964 3.12664 2.637733
? 0.396674 1 3.994933 4.737504
0.417725 0.319832 0.250317 1 2.62321
1.06527 0.379113 0.211082 0.381212 1

Matrix 85:
1 1.851182 1.535501 0.42921 2.371361
0.540196 1 ? 3.791673 3.239662
0.651253 ? 1 3.802685 3.732922
2.329862 0.263736 0.262972 1 2.249684
0.421699 0.308674 0.267887 0.444507 1

Matrix 86:
1 2.59647 4.876821 2.127325 ?
0.385138 1 1.014357 2.052089 3.706619
0.205052 0.985846 1 2.910028 3.065895
0.470074 0.487308 0.343639 1 0.873461
? 0.269788 0.326169 1.144871 1

Matrix 87:
1 ? 2.734156 0.218482 2.083797
? 1 4.331715 0.400454 0.735362
0.365744 0.230855 1 0.357057 3.733514
4.577041 2.497166 2.800674 1 0.673652
0.479893 1.359874 0.267844 1.484446 1

Matrix 88:
1 1.824063 1.940405 ? 0.595003
0.548227 1 2.68948 2.020842 4.887605
0.515356 0.371819 1 1.113413 0.58615
? 0.494843 0.898139 1 4.295634
1.680664 0.204599 1.706048 0.232795 1

Matrix 89:
1 ? 1.284384 0.662078 4.337932
? 1 0.393333 2.241143 4.964907
0.778583 2.542375 1 1.542004 3.650663
1.510396 0.446201 0.648507 1 0.870948
0.230525 0.201414 0.273923 1.148175 1

Matrix 90:
1 ? 3.188502 2.267034 3.471377
? 1 1.042537 3.763294 3.55207
0.313627 0.959198 1 0.643238 3.085835
0.441105 0.265725 1.554634 1 0.748727
0.28807 0.281526 0.324061 1.3356 1

Matrix 91:
1 1.147875 3.817985 4.586304 ?
0.871175 1 0.721347 3.330205 0.792912
0.261918 1.386295 1 3.390014 2.997679
0.218041 0.300282 0.294984 1 3.163246
? 1.261174 0.333591 0.316131 1

Matrix 92:
1 2.028261 3.454895 0.933347 0.305625
0.493033 1 4.17653 1.570904 3.040469
0.289444 0.239433 1 3.47811 ?
1.071413 0.636576 0.287512 1 3.069012
3.271987 0.328897 ? 0.325838 1

Matrix 93:
1 4.772413 0.374522 2.968169 1.612948
0.209538 1 3.551348 1.529538 3.443003
2.67007 0.281583 1 0.214634 1.913338
0.336908 0.653792 4.659096 1 ?
0.619983 0.290444 0.522647 ? 1

Matrix 94:
1 4.960045 0.348506 1.819209 4.367015
0.201611 1 3.441379 0.246411 4.261629
2.869393 0.290581 1 3.533503 0.871022
0.549689 4.058264 0.283005 1 ?
0.228989 0.234652 1.148077 ? 1

Matrix 95:
1 3.00365 0.501245 2.0384 ?
0.332928 1 3.952514 1.896371 4.675823
1.995033 0.253004 1 4.609904 2.206729
0.490581 0.527323 0.216924 1 2.81793
? 0.213866 0.453159 0.35487 1

Matrix 96:
1 0.20055 2.456302 0.572799 2.942084
4.986281 1 2.14646 3.916198 1.129838
0.407116 0.465883 1 1.081096 4.87319
1.745813 0.25535 0.924987 1 ?
0.339895 0.885083 0.205204 ? 1

Matrix 97:
1 1.323475 1.28941 ? 3.410088
0.755587 1 4.59875 2.050234 2.859102
0.775548 0.21745 1 4.335905 1.795102
? 0.487749 0.230632 1 1.705741
0.293248 0.34976 0.557071 0.586255 1

Matrix 98:
1 4.809644 4.683862 0.945393 3.866326
0.207916 1 0.278219 4.120525 0.628046
0.213499 3.594292 1 2.431774 ?
1.057762 0.242687 0.411222 1 2.716214
0.258643 1.59224 ? 0.368159 1

Matrix 99:
1 ? 0.76383 3.998725 3.192704
? 1 0.700591 3.625015 1.463194
1.309191 1.427366 1 4.851204 3.595504
0.25008 0.275861 0.206134 1 1.385213
0.313214 0.683436 0.278125 0.721911 1

Matrix 100:
1 3.317611 4.518871 4.518731 1.183409
0.301422 1 1.952531 ? 2.15535
0.221294 0.512156 1 2.624006 0.346654
0.221301 ? 0.381097 1 1.022595
0.845017 0.463962 2.884719 0.977904 1

