Matrix 1:
1 ? ? 4.036117 4.413577 4.942825 3.743213
? 1 3.164529 3.586151 1.260292 2.892184 2.883749
? 0.316003 1 4.915129 3.508027 3.523919 3.576394
0.247763 0.278851 0.203453 1 4.471183 0.605443 0.51605
0.226574 0.793467 0.28506 0.223654 1 3.117419 3.602438
0.202313 0.345759 0.283775 1.651682 0.320778 1 3.354264
0.26715 0.346771 0.279611 1.937796 0.27759 0.298128 1

Matrix 2:
1 0.63903 4.839084 2.972673 4.161527 2.677864 0.338712
1.564873 1 3.950347 1.078803 0.36679 ? 1.721469
0.206651 0.253142 1 2.777194 ? 2.173076 4.764922
0.336398 0.926953 0.360076 1 3.075104 4.402701 0.737617
0.240296 2.726354 ? 0.325192 1 0.849658 3.475057
0.373432 ? 0.460177 0.227133 1.176944 1 3.19478
2.952359 0.580899 0.209867 1.355718 0.287765 0.313011 1

Matrix 3:
1 1.237744 3.4413 2.656793 0.224542 2.935891 0.328753
0.807921 1 3.697219 1.695504 3.387012 1.377427 1.587197
0.290588 0.270474 1 ? 2.727362 1.576969 1.801012
0.376394 0.589795 ? 1 1.949834 3.0425 ?
4.4535 0.295245 0.366655 0.512864 1 2.569834 3.873923
0.340612 0.725991 0.634128 0.328677 0.38913 1 4.696106
3.041801 0.630042 0.555243 ? 0.258136 0.212942 1

Matrix 4:
1 3.138755 2.435203 4.300697 4.708639 0.435643 1.594608
0.318598 1 1.909601 4.592289 4.769694 4.897207 ?
0.410643 0.52367 1 0.715446 ? 2.678533 4.809733
0.23252 0.217756 1.397729 1 2.99682 1.023203 0.226527
0.212376 0.209657 ? 0.333687 1 1.822694 2.497566
2.295459 0.204198 0.373339 0.977323 0.548638 1 3.995731
0.627113 ? 0.207912 4.414493 0.40039 0.250267 1

Matrix 5:
1 0.583075 4.535918 0.378064 4.993438 4.615753 0.59748
1.715046 1 2.353444 4.503593 4.048029 3.274962 ?
0.220463 0.424909 1 1.624719 3.059533 3.145732 1.068693
2.645056 0.222045 0.615491 1 4.448797 ? 0.566652
0.200263 0.247034 0.326847 0.22478 1 3.243931 4.977176
0.216649 0.305347 0.317891 ? 0.308268 1 2.223864
1.673695 ? 0.935723 1.764753 0.200917 0.449668 1

Matrix 6:
1 4.616899 2.204998 0.694672 2.87026 2.271695 1.556659
0.216596 1 1.623228 1.681688 4.597322 3.188516 1.108815
0.453515 0.616056 1 0.235822 2.890182 ? 0.406493
1.439528 0.594641 4.240492 1 ? 0.888603 4.583067
0.348401 0.217518 0.345999 ? 1 3.572608 0.508274
0.4402 0.313626 ? 1.125363 0.279908 1 1.102835
0.642401 0.901864 2.460069 0.218195 1.967444 0.906754 1

Matrix 7:
1 3.284472 1.877502 4.123223 4.134517 3.140153 1.499922
0.304463 1 1.065534 3.490388 1.530286 2.062058 4.175281
0.532623 0.938497 1 4.881783 0.863352 1.798709 3.148498
0.242529 0.286501 0.204843 1 4.932676 1.064004 ?
0.241866 0.653472 1.158277 0.20273 1 3.830631 1.846195
0.318456 0.484952 0.555954 0.939847 0.261054 1 ?
0.666701 0.239505 0.317612 ? 0.541655 ? 1

Matrix 8:
1 1.54779 1.374842 ? 2.141818 ? 0.339507
0.646082 1 3.435347 0.443009 0.363177 3.976532 1.014714
0.727356 0.291091 1 1.758203 1.299287 1.561444 3.681584
? 2.257289 0.568763 1 1.776687 3.01153 1.933311
0.466893 2.753475 0.769653 0.562845 1 2.044203 4.002836
? 0.251475 0.640433 0.332057 0.489188 1 3.234762
2.945446 0.985499 0.271622 0.517247 0.249823 0.309142 1

Matrix 9:
1 4.745759 ? 3.032538 4.782211 3.319517 ?
0.210714 1 1.404009 2.141041 0.421988 1.149291 4.761068
? 0.712246 1 2.034625 3.12554 3.189178 4.61693
0.329757 0.467063 0.491491 1 3.476164 0.726565 1.694895
0.209108 2.369733 0.319945 0.287673 1 1.143146 2.442558
0.301249 0.870102 0.31356 1.376339 0.874779 1 4.603468
? 0.210037 0.216594 0.590007 0.409407 0.217228 1

Matrix 10:
1 4.759617 1.22402 4.653486 2.103682 3.115358 2.22811
0.210101 1 2.469948 4.789913 1.942854 1.435275 4.9605
0.81698 0.404867 1 4.992291 0.407592 ? ?
0.214893 0.208772 0.200309 1 2.523834 0.272067 2.398831
0.475357 0.514707 2.453432 0.396223 1 3.129978 3.40315
0.32099 0.696731 ? 3.675566 0.319491 1 1.111277
0.448811 0.201593 ? 0.41687 0.293845 0.899865 1

Matrix 11:
1 4.097062 2.381724 1.954981 2.032111 ? 1.016207
0.244077 1 2.482835 3.922569 3.174977 0.506946 2.5532
0.419864 0.402765 1 4.466566 2.616366 ? 4.321157
0.511514 0.254935 0.223886 1 3.321976 1.69699 4.522125
0.492099 0.314963 0.382209 0.301026 1 1.56151 3.916219
? 1.972595 ? 0.589279 0.640406 1 0.745822
0.984051 0.391665 0.23142 0.221135 0.255348 1.340802 1

Matrix 12:
1 2.075354 4.05786 4.481335 4.271691 4.955573 2.898489
0.481846 1 ? 0.902041 2.386752 0.963677 3.793104
0.246435 ? 1 2.731324 2.754142 2.442055 3.683457
0.223148 1.108597 0.366123 1 3.756375 2.564087 ?
0.234099 0.418979 0.363089 0.266214 1 2.983103 1.944478
0.201793 1.037692 0.409491 0.390002 0.335221 1 3.458935
0.345007 0.263636 0.271484 ? 0.514277 0.289106 1

Matrix 13:
1 1.659587 2.915488 4.007767 0.946393 1.043853 3.588812
0.60256 1 2.840386 1.133613 ? ? 3.235936
0.342996 0.352065 1 2.545958 2.151798 1.399312 4.254888
0.249515 0.882135 0.39278 1 2.03513 1.8538 3.116151
1.056643 ? 0.464728 0.491369 1 4.028821 4.971362
0.957989 ? 0.714637 0.539433 0.248212 1 4.869858
0.278644 0.30903 0.235024 0.320909 0.201152 0.205345 1

Matrix 14:
1 ? 3.983629 0.63052 3.506384 3.989851 0.546509
? 1 2.487074 3.89431 3.419139 2.290223 1.16684
0.251027 0.402079 1 3.21487 ? 1.246484 4.82725
1.585993 0.256785 0.311055 1 1.978125 2.903908 1.093368
0.285194 0.292471 ? 0.505529 1 4.903829 2.486938
0.250636 0.436639 0.802256 0.344364 0.203922 1 2.937477
1.829796 0.857015 0.207157 0.914605 0.402101 0.340428 1

Matrix 15:
1 4.751719 2.491351 4.655541 ? 1.451338 0.984406
0.21045 1 2.581005 3.887024 2.362725 1.79064 0.445274
0.401389 0.387446 1 3.864641 0.504787 ? 0.346562
0.214798 0.257266 0.258756 1 1.781693 3.787288 3.588095
? 0.42324 1.981035 0.561264 1 2.126431 1.533914
0.689019 0.558459 ? 0.264041 0.470272 1 2.02605
1.015841 2.245809 2.885489 0.278699 0.651927 0.493571 1

Matrix 16:
1 0.224174 4.871794 2.024886 4.735113 3.786047 3.991532
4.460827 1 1.088933 2.779885 1.980477 3.113394 4.840275
0.205263 0.91833 1 1.168133 ? ? 1.996036
0.493855 0.359727 0.856067 1 1.597762 4.506885 2.524325
0.211188 0.504929 ? 0.625876 1 2.373848 3.294567
0.264128 0.321193 ? 0.221883 0.421257 1 1.146916
0.25053 0.2066 0.500993 0.396146 0.30353 0.871904 1

Matrix 17:
1 4.449487 1.895407 ? 4.737049 ? 4.030679
0.224745 1 1.919983 3.19506 3.16733 1.916146 1.772383
0.527591 0.520838 1 2.851051 0.32926 1.980231 2.614709
? 0.312983 0.350748 1 1.445323 1.048648 4.787431
0.211102 0.315723 3.037111 0.691887 1 3.582454 3.110072
? 0.521881 0.504992 0.953609 0.279138 1 4.859131
0.248097 0.564212 0.382452 0.20888 0.321536 0.205798 1

Matrix 18:
1 4.898793 1.075705 ? 0.993193 4.587096 1.144761
0.204132 1 2.949972 3.741877 4.076342 0.875091 ?
0.929623 0.338986 1 0.502683 0.49124 3.097439 2.667655
? 0.267246 1.989326 1 4.086317 2.558491 0.854277
1.006853 0.245318 2.035665 0.244719 1 4.259816 1.658986
0.218003 1.142738 0.322847 0.390855 0.234752 1 1.685389
0.873545 ? 0.374861 1.17058 0.602778 0.593335 1

Matrix 19:
1 0.661476 ? 2.759963 3.522532 4.229693 4.216521
1.511771 1 1.213761 2.497469 2.807961 4.592696 1.214104
? 0.823885 1 2.418293 4.390509 2.974493 1.670323
0.362324 0.400405 0.413515 1 2.324534 4.539844 1.747057
0.283887 0.35613 0.227764 0.430194 1 ? 0.814433
0.236424 0.217737 0.336192 0.220272 ? 1 3.047086
0.237162 0.823653 0.598687 0.572391 1.227848 0.328182 1

Matrix 20:
1 4.797068 1.44891 1.470225 0.945823 1.029517 3.021495
0.208461 1 1.248299 0.714552 1.345254 2.280229 4.523517
0.690174 0.80109 1 2.309021 ? 4.609542 2.765761
0.680168 1.399478 0.433084 1 0.864139 ? 2.714269
1.057281 0.743354 ? 1.157221 1 3.56983 1.56101
0.971329 0.438552 0.216941 ? 0.280125 1 2.939683
0.330962 0.221067 0.361564 0.368423 0.640611 0.340173 1

Matrix 21:
1 1.79647 ? 0.985895 3.363507 1.832121 3.281856
0.556647 1 1.863042 1.680093 2.974839 4.324063 0.898584
? 0.536756 1 1.740833 1.904868 4.835467 ?
1.014307 0.595205 0.574438 1 1.813594 2.874035 1.245212
0.297309 0.336153 0.524971 0.551391 1 0.426788 1.553393
0.545815 0.231264 0.206805 0.347943 2.343086 1 3.236602
0.304706 1.112862 ? 0.803076 0.643752 0.308966 1

Matrix 22:
1 4.126849 1.2701 3.518413 2.525241 0.710717 1.761817
0.242316 1 0.361157 3.832087 4.83874 0.686178 0.962676
0.78734 2.768877 1 3.449432 3.53971 4.556185 1.847159
0.284219 0.260954 0.289903 1 1.329213 ? 1.943458
0.396002 0.206665 0.282509 0.752325 1 4.259359 3.799409
1.40703 1.457348 0.219482 ? 0.234777 1 ?
0.567596 1.038771 0.541372 0.514547 0.263199 ? 1

Matrix 23:
1 ? ? 1.977715 2.717484 4.447616 2.548343
? 1 3.650836 0.730558 4.110959 4.355382 2.388491
? 0.27391 1 1.619857 1.713546 2.577196 0.808654
0.505634 1.368817 0.617339 1 1.488995 4.97006 4.327886
0.367987 0.243252 0.583585 0.671594 1 2.42012 3.956414
0.22484 0.229601 0.388019 0.201205 0.413203 1 0.782132
0.392412 0.418674 1.236622 0.23106 0.252754 1.278557 1

Matrix 24:
1 3.352927 3.884696 1.484403 1.481855 ? 1.416314
0.298247 1 3.998042 ? 3.928339 4.862812 4.425187
0.25742 0.250122 1 2.919662 3.258659 4.988161 0.375265
0.673672 ? 0.342505 1 0.55585 0.855788 1.538049
0.67483 0.25456 0.306875 1.799045 1 4.402317 4.70354
? 0.205642 0.200475 1.168514 0.227153 1 1.462587
0.706058 0.225979 2.664785 0.650175 0.212606 0.68372 1

Matrix 25:
1 3.899001 ? 4.576951 2.422878 4.010636 0.600816
0.256476 1 0.317529 3.213665 1.51476 4.259647 2.541429
? 3.149318 1 4.774903 1.211211 3.41035 4.095145
0.218486 0.311171 0.209428 1 2.818078 1.09443 ?
0.412732 0.660171 0.82562 0.354852 1 2.597784 0.383057
0.249337 0.234761 0.293225 0.913717 0.384943 1 4.916811
1.664403 0.393479 0.244192 ? 2.610579 0.203384 1

Matrix 26:
1 4.598503 0.722793 3.443883 2.788266 4.927559 3.674964
0.217462 1 1.027805 3.435635 2.512837 3.951762 2.708145
1.383521 0.972948 1 1.946806 2.417286 ? 1.999197
0.29037 0.291067 0.513662 1 ? 4.641781 2.157473
0.358646 0.397957 0.413687 ? 1 4.251769 4.747808
0.20294 0.253052 ? 0.215435 0.235196 1 0.915356
0.272112 0.369256 0.500201 0.463505 0.210623 1.092471 1

Matrix 27:
1 4.121118 ? ? 1.728119 1.017629 2.713969
0.242653 1 2.541919 2.577126 3.733154 4.85544 2.205
? 0.393404 1 3.630442 1.179396 1.44633 4.485961
? 0.388029 0.275449 1 1.892983 4.291933 3.667072
0.578664 0.26787 0.847892 0.528267 1 2.692707 3.160996
0.982677 0.205955 0.691405 0.232995 0.371374 1 3.559593
0.368464 0.453515 0.222918 0.272697 0.316356 0.280931 1

Matrix 28:
1 1.063295 2.96823 4.510889 ? 0.775741 4.679898
0.940473 1 2.93869 3.848818 4.474557 4.525741 1.185132
0.336901 0.340288 1 1.423323 3.765568 0.677652 3.339945
0.221686 0.25982 0.702581 1 3.366889 3.887058 1.903919
? 0.223486 0.265564 0.29701 1 1.983196 3.414026
1.28909 0.220958 1.475684 0.257264 0.504237 1 ?
0.21368 0.843788 0.299406 0.525232 0.292909 ? 1

Matrix 29:
1 1.355625 3.737448 2.903761 4.862981 4.406894 ?
0.737667 1 2.319416 3.541939 2.132285 1.640399 2.880895
0.267562 0.431143 1 0.801554 4.366709 2.283413 4.368349
0.344381 0.282331 1.247576 1 1.874738 1.974994 2.182065
0.205635 0.46898 0.229005 0.533408 1 4.77004 2.124176
0.226917 0.609608 0.437941 0.506331 0.209642 1 ?
? 0.347114 0.228919 0.458282 0.470771 ? 1

Matrix 30:
1 3.661392 1.468669 4.631302 0.69445 0.916138 0.746298
0.27312 1 3.392853 2.318863 1.541777 ? 2.250972
0.680889 0.294737 1 1.956946 2.585608 0.453207 2.080951
0.215922 0.431246 0.511 1 0.822025 ? 1.518013
1.439989 0.648602 0.386756 1.216507 1 0.723331 2.05388
1.091539 ? 2.206498 ? 1.382494 1 2.794865
1.339947 0.444252 0.48055 0.658756 0.486883 0.357799 1

Matrix 31:
1 3.388117 ? 1.640835 3.634903 0.288043 2.128778
0.295149 1 0.967727 3.661047 3.576566 0.562212 0.262889
? 1.03335 1 4.597114 2.225156 2.27741 1.112217
0.609446 0.273146 0.217528 1 1.396734 ? 1.919264
0.27511 0.279598 0.449407 0.715956 1 4.578252 3.497162
3.471703 1.778689 0.439095 ? 0.218424 1 3.649552
0.469753 3.803889 0.899105 0.521033 0.285946 0.274006 1

Matrix 32:
1 3.738954 1.791019 3.368351 4.190145 4.2078 0.429974
0.267454 1 4.545016 1.251498 3.356137 2.510613 4.431094
0.558341 0.220021 1 3.715933 ? 0.21705 3.618115
0.296881 0.799043 0.269111 1 4.966098 0.27542 4.78867
0.238655 0.297962 ? 0.201365 1 3.32386 1.242802
0.237654 0.398309 4.607226 3.630821 0.300855 1 ?
2.32572 0.225678 0.276387 0.208826 0.804634 ? 1

Matrix 33:
1 0.41107 4.176075 3.225074 3.368823 4.868578 1.321239
2.432673 1 1.675783 0.926502 1.840396 3.472064 3.799818
0.239459 0.596736 1 4.170285 1.538585 ? 2.562981
0.31007 1.079328 0.239792 1 3.813986 2.237449 2.563866
0.29684 0.543361 0.649948 0.262193 1 3.726309 ?
0.205399 0.288013 ? 0.446938 0.268362 1 3.82754
0.756865 0.263171 0.390171 0.390036 ? 0.261264 1

Matrix 34:
1 1.200008 4.385629 0.436827 4.406898 0.253817 3.802766
0.833328 1 4.486117 ? 0.96455 3.001511 4.532748
0.228017 0.22291 1 4.922074 2.282516 4.575859 1.397764
2.289238 ? 0.203166 1 3.246496 1.734297 1.49902
0.226917 1.036753 0.438113 0.308024 1 ? 2.588672
3.939848 0.333166 0.218538 0.576603 ? 1 2.842698
0.262966 0.220617 0.715428 0.667102 0.386298 0.351779 1

Matrix 35:
1 4.904451 3.438325 2.090035 4.375168 2.437066 2.754346
0.203896 1 2.431924 3.426676 3.119344 0.999645 4.841977
0.290839 0.411197 1 ? 4.72233 ? 2.109971
0.478461 0.291828 ? 1 1.786507 0.514867 3.523611
0.228563 0.32058 0.21176 0.559752 1 4.051664 4.708384
0.410329 1.000355 ? 1.942249 0.246812 1 1.706877
0.363063 0.206527 0.47394 0.2838 0.212387 0.585865 1

Matrix 36:
1 4.006573 1.824787 1.09024 ? 3.622204 0.73386
0.24959 1 1.779527 3.347806 3.259856 2.320743 0.550617
0.548009 0.561947 1 4.792199 3.018126 3.104632 0.431207
0.91723 0.298703 0.208672 1 2.68285 2.267733 ?
? 0.306762 0.331331 0.372738 1 2.598205 3.976178
0.276075 0.430897 0.322099 0.440969 0.384881 1 3.142895
1.362658 1.816143 2.319072 ? 0.251498 0.318178 1

Matrix 37:
1 2.859171 1.090601 0.923729 3.255955 3.144298 2.424865
0.349752 1 3.887911 ? 2.583236 2.787333 4.284571
0.916925 0.257208 1 3.609204 4.977449 3.667894 4.137726
1.082568 ? 0.277069 1 0.551608 4.995786 ?
0.30713 0.387111 0.200906 1.812882 1 1.092809 4.87328
0.318036 0.358766 0.272636 0.200169 0.915073 1 1.158547
0.412394 0.233396 0.241679 ? 0.205201 0.86315 1

Matrix 38:
1 0.483552 ? 0.855811 2.444408 1.725679 4.084682
2.068029 1 4.031503 1.082124 1.012825 2.892274 0.95015
? 0.248046 1 ? 1.043491 2.869829 2.046379
1.168482 0.924109 ? 1 0.600582 0.401533 4.941509
0.409097 0.987337 0.958322 1.665052 1 1.696211 2.1805
0.579482 0.345749 0.348453 2.490456 0.589549 1 0.754748
0.244817 1.052466 0.488668 0.202367 0.45861 1.324945 1

Matrix 39:
1 3.467796 1.035114 ? 0.395556 3.947263 0.343293
0.288368 1 3.293513 0.935799 1.586209 4.323074 4.333348
0.966077 0.303627 1 2.55178 2.731211 1.353733 1.987117
? 1.068606 0.391883 1 1.622696 0.965166 ?
2.528089 0.630434 0.366138 0.616259 1 1.831173 1.959964
0.25334 0.231317 0.738698 1.036091 0.546098 1 2.282554
2.91296 0.230768 0.503242 ? 0.510213 0.438106 1

Matrix 40:
1 3.131138 0.81254 ? 4.286212 2.144024 1.036001
0.319373 1 0.490362 0.20962 3.075389 2.467115 1.561543
1.230709 2.039309 1 4.047586 ? 2.10477 0.777602
? 4.770542 0.247061 1 1.724356 0.610308 2.398954
0.233306 0.325162 ? 0.579927 1 3.27099 4.487477
0.466413 0.405332 0.475111 1.638517 0.305718 1 2.460363
0.96525 0.640392 1.286005 0.416848 0.222842 0.406444 1

Matrix 41:
1 4.143256 4.496698 2.068409 0.977284 1.53849 4.996275
0.241356 1 4.780344 4.720401 4.142198 1.353177 0.639309
0.222385 0.20919 1 2.934045 4.823287 3.859381 4.656909
0.483463 0.211846 0.340826 1 1.340793 ? 0.429604
1.023244 0.241418 0.207328 0.745828 1 2.475772 ?
0.649988 0.739002 0.259109 ? 0.403914 1 0.826927
0.200149 1.564189 0.214735 2.327726 ? 1.209297 1

Matrix 42:
1 0.638802 4.159712 3.762916 ? 0.35352 2.378469
1.565431 1 1.866868 3.997801 3.214657 1.602291 1.763724
0.240401 0.535657 1 ? 4.834436 3.173064 1.484094
0.265751 0.250137 ? 1 1.790176 1.855967 4.520067
? 0.311075 0.206849 0.558604 1 4.262822 1.89967
2.828694 0.624106 0.315153 0.538803 0.234586 1 0.567312
0.420439 0.566982 0.673812 0.221236 0.526407 1.762697 1

Matrix 43:
1 1.169971 2.235366 2.676558 0.42125 3.804606 3.303051
0.854722 1 ? 3.202568 2.504173 1.736388 ?
0.447354 ? 1 1.939784 1.969285 4.343906 4.568483
0.373614 0.312249 0.515521 1 4.692409 2.368259 3.515922
2.373887 0.399333 0.507798 0.21311 1 1.526552 2.643206
0.262839 0.575908 0.230208 0.422251 0.655071 1 3.937802
0.30275 ? 0.218891 0.28442 0.378328 0.253949 1

Matrix 44:
1 2.383067 2.208972 4.458641 1.86344 2.211814 3.641261
0.419627 1 1.643578 ? 3.49986 2.128361 3.104543
0.452699 0.608429 1 3.413426 1.154435 0.811054 0.301082
0.224284 ? 0.292961 1 1.741777 0.633189 ?
0.536642 0.285726 0.866224 0.574126 1 3.5823 1.216438
0.452118 0.469845 1.232963 1.579308 0.27915 1 4.780572
0.27463 0.322109 3.321353 ? 0.822072 0.20918 1

Matrix 45:
1 0.202877 ? 1.659819 1.468834 4.585907 0.33756
4.929104 1 0.29775 3.235864 4.184271 3.114687 2.554995
? 3.358524 1 ? 0.530452 3.777514 0.928219
0.602475 0.309036 ? 1 0.659418 2.093064 3.045336
0.680812 0.23899 1.885186 1.516488 1 2.807741 0.898789
0.218059 0.32106 0.264724 0.477769 0.356158 1 3.14371
2.962437 0.39139 1.077332 0.328371 1.112608 0.318095 1

Matrix 46:
1 2.003028 4.5443 0.814066 1.570869 ? 2.468342
0.499244 1 3.884907 3.237357 4.448769 4.254025 1.838667
0.220056 0.257406 1 3.032246 2.846103 0.55117 1.569432
1.228402 0.308894 0.329789 1 4.267449 0.504107 ?
0.63659 0.224781 0.351358 0.234332 1 3.613159 4.465032
? 0.235071 1.814321 1.983708 0.276766 1 2.742898
0.40513 0.543872 0.637173 ? 0.223963 0.364578 1

Matrix 47:
1 2.79538 3.784889 0.546208 3.058066 1.612872 4.402439
0.357733 1 2.127324 3.419944 3.97523 1.569805 1.049593
0.264209 0.470074 1 1.96052 1.512271 1.137735 4.096166
1.830806 0.292402 0.510069 1 3.898482 4.652838 ?
0.327004 0.251558 0.661257 0.25651 1 3.367523 ?
0.620012 0.637022 0.878939 0.214923 0.296954 1 2.710185
0.227147 0.952751 0.244131 ? ? 0.368978 1

Matrix 48:
1 3.457065 ? 1.673063 3.00123 3.27019 ?
0.289263 1 0.862833 1.472129 0.315964 0.350957 0.725521
? 1.158973 1 4.772611 2.400937 2.243568 2.299736
0.597706 0.679288 0.209529 1 1.325651 1.115968 2.156912
0.333197 3.164915 0.416504 0.754346 1 4.586359 1.026303
0.305793 2.849352 0.445719 0.896083 0.218038 1 4.585751
? 1.378319 0.434833 0.463626 0.974371 0.218067 1

Matrix 49:
1 1.836926 ? 4.020877 4.930201 1.525387 1.533182
0.544388 1 4.692182 ? 0.94198 2.371484 0.36398
? 0.21312 1 2.494099 2.130605 0.345323 2.459544
0.248702 ? 0.400946 1 2.653936 3.111015 4.715591
0.202831 1.061593 0.46935 0.376799 1 0.479534 2.271782
0.655571 0.421677 2.895838 0.321439 2.085358 1 1.603836
0.652238 2.747404 0.406579 0.212062 0.440183 0.623505 1

Matrix 50:
1 2.142609 0.307285 2.916264 0.289299 1.126264 3.142525
0.466721 1 ? 4.492556 1.014319 2.960284 0.401487
3.25431 ? 1 4.796662 4.635195 0.742209 4.181835
0.342905 0.22259 0.208478 1 3.349571 0.944659 2.421749
3.456628 0.985883 0.215741 0.298546 1 3.954535 3.804863
0.887891 0.337805 1.347329 1.058583 0.252874 1 ?
0.318215 2.490739 0.239129 0.412925 0.262822 ? 1

Matrix 51:
1 3.462782 2.905452 2.242973 1.388014 4.068793 4.921949
0.288785 1 4.688566 1.559208 1.713618 2.26784 ?
0.344181 0.213285 1 3.142591 0.780254 2.954547 ?
0.445837 0.641351 0.318209 1 1.18795 4.68721 3.286657
0.720454 0.583561 1.281635 0.841786 1 2.623498 2.356651
0.245773 0.440948 0.338461 0.213347 0.38117 1 4.301431
0.203172 ? ? 0.304261 0.424331 0.232481 1

Matrix 52:
1 ? 4.682998 2.101651 4.664552 2.801235 0.795885
? 1 0.586857 1.97753 0.310252 1.873247 0.910909
0.213538 1.703993 1 4.183178 2.539638 2.646767 4.311702
0.475817 0.505681 0.239053 1 ? 2.488291 3.496168
0.214383 3.223188 0.393757 ? 1 4.00576 3.218443
0.356985 0.533833 0.377819 0.401882 0.249641 1 0.227311
1.256463 1.097804 0.231927 0.286027 0.310709 4.399261 1

Matrix 53:
1 ? 3.31491 4.860032 1.813249 4.441284 4.03946
? 1 4.787237 3.635826 0.4541 1.110633 3.57229
0.301667 0.208889 1 3.386584 4.82743 4.440476 ?
0.20576 0.275041 0.295283 1 3.816185 2.761179 0.623699
0.551496 2.202157 0.20715 0.262042 1 2.676193 4.571487
0.22516 0.900387 0.225201 0.362164 0.373665 1 4.369172
0.247558 0.279932 ? 1.603338 0.218747 0.228876 1

Matrix 54:
1 2.526543 2.915539 0.497189 2.304779 0.980521 4.578893
0.395798 1 2.878538 0.210279 4.062952 0.391589 2.52581
0.34299 0.347399 1 ? 0.29784 ? 2.555918
2.011309 4.755586 ? 1 2.09471 0.934899 4.284119
0.433881 0.246126 3.357511 0.477393 1 4.102416 0.698131
1.019866 2.553697 ? 1.069634 0.243759 1 2.728597
0.218393 0.395913 0.391249 0.23342 1.432396 0.366489 1

Matrix 55:
1 4.398449 4.939081 3.490312 ? 1.967459 2.802227
0.227353 1 4.208999 ? 1.203554 2.323643 2.653943
0.202467 0.237586 1 3.377933 0.868126 2.545116 2.532524
0.286507 ? 0.296039 1 1.500395 0.950407 3.743719
? 0.830872 1.151906 0.666491 1 3.18865 1.233905
0.50827 0.430359 0.392909 1.052181 0.313612 1 2.398734
0.356859 0.376798 0.394863 0.267114 0.810435 0.416887 1

Matrix 56:
1 2.033611 4.44983 0.925055 1.152002 2.894932 2.845744
0.491736 1 0.706393 ? 1.232907 2.102077 3.24574
0.224728 1.415643 1 4.715328 3.371832 1.39063 ?
1.081016 ? 0.212074 1 4.763943 0.352727 4.11578
0.868054 0.811091 0.296575 0.20991 1 1.332976 1.423467
0.345431 0.47572 0.719098 2.835054 0.750201 1 1.959736
0.351402 0.308096 ? 0.242967 0.70251 0.510273 1

Matrix 57:
1 2.053452 3.518553 ? 2.27809 1.480922 2.448155
0.486985 1 1.107576 0.633395 0.311499 1.388339 1.171682
0.284208 0.902872 1 0.432197 2.818143 4.537232 4.795398
? 1.578793 2.313762 1 3.96883 1.919677 1.683697
0.438964 3.210285 0.354844 0.251963 1 2.258887 ?
0.675255 0.720285 0.220399 0.520921 0.442696 1 2.439805
0.408471 0.853474 0.208533 0.593931 ? 0.409869 1

Matrix 58:
1 2.500249 1.302305 4.235481 1.179323 1.991503 0.525321
0.39996 1 ? 3.283021 3.605824 4.359029 3.024302
0.767869 ? 1 2.784519 0.655267 4.087805 0.427475
0.236101 0.304598 0.359128 1 1.077913 0.30317 2.17289
0.847944 0.277329 1.526094 0.927719 1 ? 1.301323
0.502133 0.229409 0.24463 3.298481 ? 1 0.792061
1.903598 0.330655 2.33932 0.460217 0.768449 1.262529 1

Matrix 59:
1 1.610305 2.360749 1.85803 3.430657 2.351393 ?
0.621 1 1.854567 ? 1.13122 2.587871 4.632749
0.423594 0.539209 1 2.079581 2.940908 3.246805 0.891054
0.538205 ? 0.480866 1 1.520181 2.81958 1.148062
0.291489 0.884001 0.340031 0.657816 1 4.898532 1.687843
0.42528 0.386418 0.307995 0.354663 0.204143 1 3.736442
? 0.215855 1.122267 0.871033 0.592472 0.267634 1

Matrix 60:
1 4.403192 1.53942 3.00373 ? 1.88562 0.91038
0.227108 1 3.540213 3.252034 2.227661 1.958609 1.136324
0.649595 0.282469 1 4.156693 3.468215 ? 2.663134
0.332919 0.3075 0.240576 1 1.02292 1.609098 1.633542
? 0.448901 0.288333 0.977593 1 2.687604 0.576023
0.530329 0.510567 ? 0.621466 0.372079 1 4.878492
1.098442 0.880031 0.375497 0.612167 1.73604 0.204981 1

Matrix 61:
1 2.420271 0.900445 0.907499 ? 1.163038 1.708017
0.413177 1 4.96192 4.118726 1.37189 3.200056 0.51948
1.110561 0.201535 1 ? 4.530789 2.481208 0.55014
1.101929 0.242794 ? 1 0.390417 4.506849 4.884926
? 0.728922 0.220712 2.561366 1 3.603618 3.862413
0.859817 0.312494 0.403029 0.221885 0.277499 1 0.310294
0.585474 1.925 1.817718 0.204711 0.258906 3.222753 1

Matrix 62:
1 0.2289 0.403717 0.853315 4.876306 1.282641 2.549374
4.368713 1 ? 2.7068 4.640944 2.266647 1.786584
2.476984 ? 1 1.841607 0.82995 4.009267 2.097172
1.1719 0.36944 0.543004 1 0.849694 1.287003 1.509583
0.205073 0.215473 1.204892 1.176895 1 0.64175 4.414948
0.779641 0.44118 0.249422 0.776999 1.558239 1 ?
0.392253 0.559727 0.476833 0.662434 0.226503 ? 1

Matrix 63:
1 1.197207 4.264463 4.967993 1.410139 ? ?
0.835278 1 0.209691 4.156535 4.216199 0.717216 0.921692
0.234496 4.768919 1 3.098039 0.91241 1.686379 2.578694
0.201289 0.240585 0.322785 1 4.633859 3.348537 4.038944
0.70915 0.23718 1.095998 0.215803 1 4.841534 4.741298
? 1.394281 0.592987 0.298638 0.206546 1 2.513271
? 1.084961 0.387793 0.247589 0.210913 0.397888 1

Matrix 64:
1 4.932829 ? 2.925741 2.685592 4.537388 4.098441
0.202723 1 3.162094 1.654058 0.49017 0.8904 4.556508
? 0.316246 1 4.233608 ? 3.996571 4.277835
0.341794 0.604574 0.236205 1 1.29575 3.549564 3.637844
0.372357 2.040109 ? 0.771754 1 3.449264 4.77056
0.220391 1.123091 0.250215 0.281725 0.289917 1 1.003888
0.243995 0.219466 0.233763 0.274888 0.209619 0.996127 1

Matrix 65:
1 0.9302 4.30592 0.954418 1.904394 ? 2.752303
1.075038 1 3.772679 ? 1.169835 2.182887 3.997996
0.232238 0.265064 1 1.120902 1.135368 1.848058 3.390728
1.047759 ? 0.892138 1 4.057057 3.919312 3.776663
0.525101 0.854821 0.880772 0.246484 1 4.882845 4.324653
? 0.458109 0.541109 0.255147 0.204799 1 4.24091
0.363332 0.250125 0.294922 0.264784 0.231232 0.235798 1

Matrix 66:
1 4.296205 2.718714 3.432867 ? ? 1.422582
0.232764 1 4.207698 0.983929 4.229992 3.403701 4.767809
0.367821 0.23766 1 1.846515 2.486313 2.764549 4.566642
0.291302 1.016333 0.541561 1 0.670837 3.330782 1.269087
? 0.236407 0.402202 1.490676 1 2.797527 1.268924
? 0.293798 0.361723 0.30023 0.357459 1 3.706777
0.702947 0.20974 0.218979 0.787968 0.788069 0.269776 1

Matrix 67:
1 3.88256 3.038779 2.196606 0.907956 0.619597 1.051272
0.257562 1 4.2081 3.559166 3.83292 3.389364 ?
0.32908 0.237637 1 2.056309 1.426291 2.793174 ?
0.455248 0.280965 0.486308 1 1.006416 4.367701 2.708501
1.101375 0.260898 0.701119 0.993625 1 2.029161 1.660466
1.613951 0.295041 0.358016 0.228953 0.492815 1 2.895256
0.951229 ? ? 0.369208 0.602241 0.345393 1

Matrix 68:
1 2.885255 3.715902 3.521125 1.921754 ? 3.688089
0.34659 1 2.868858 3.836636 0.810034 0.373036 4.439464
0.269114 0.348571 1 2.51705 4.210647 ? 1.691948
0.284 0.260645 0.39729 1 3.177711 2.349255 2.923174
0.520358 1.234515 0.237493 0.314692 1 1.217873 4.471293
? 2.680709 ? 0.425667 0.821104 1 2.179895
0.271143 0.225252 0.591035 0.342094 0.223649 0.458738 1

Matrix 69:
1 ? 4.320197 3.993275 4.433648 1.688441 1.36676
? 1 0.721186 3.316026 2.341916 3.367576 0.227056
0.231471 1.386605 1 0.858433 4.432712 1.665586 1.658479
0.250421 0.301566 1.164914 1 3.780133 2.918928 2.94333
0.225548 0.427001 0.225596 0.264541 1 ? 1.214235
0.592262 0.296949 0.600389 0.342592 ? 1 4.771975
0.731657 4.404194 0.602962 0.339751 0.823564 0.209557 1

Matrix 70:
1 1.563753 2.860071 3.857394 0.371765 ? 1.067213
0.639487 1 4.264268 3.735138 3.943475 ? 3.721274
0.349642 0.234507 1 3.105394 2.983722 0.647416 4.551803
0.259242 0.267728 0.32202 1 1.939889 0.894254 2.288875
2.689872 0.253583 0.335152 0.515493 1 1.146466 0.837284
? ? 1.544601 1.11825 0.872246 1 3.653682
0.93702 0.268725 0.219693 0.436896 1.194338 0.273697 1

Matrix 71:
1 3.709573 3.015048 4.638295 1.699907 4.178072 4.610617
0.269573 1 ? 2.241622 4.392417 4.23729 0.525254
0.33167 ? 1 1.085575 0.396936 2.879977 2.400429
0.215596 0.446106 0.921171 1 0.854151 2.82563 ?
0.588267 0.227665 2.519299 1.170753 1 1.770539 3.000678
0.239345 0.236 0.347225 0.353903 0.5648 1 3.46151
0.216891 1.90384 0.416592 ? 0.333258 0.288891 1

Matrix 72:
1 0.701658 2.430697 2.123906 1.109186 4.554636 ?
1.425196 1 1.933061 4.616848 1.768783 2.849263 3.951955
0.411405 0.517314 1 3.070587 1.987827 3.381804 4.836736
0.470831 0.216598 0.325671 1 3.142917 1.199682 2.055726
0.901562 0.565361 0.503062 0.318176 1 3.695013 2.145503
0.219557 0.350968 0.2957 0.833554 0.270635 1 ?
? 0.253039 0.206751 0.486446 0.466091 ? 1

Matrix 73:
1 2.999193 2.421913 0.747427 3.782241 3.078052 4.023265
0.333423 1 2.282827 0.798912 2.474108 2.748663 1.154334
0.412897 0.438053 1 ? 1.460887 4.353264 1.704779
1.337924 1.251702 ? 1 4.47311 2.420038 ?
0.264393 0.404186 0.684516 0.223558 1 0.391501 4.971183
0.324881 0.363813 0.229713 0.413217 2.554275 1 4.997966
0.248554 0.8663 0.586586 ? 0.201159 0.200081 1

Matrix 74:
1 2.154372 3.951073 1.110372 4.874477 1.528267 4.886905
0.464172 1 2.318567 0.345276 4.632738 ? 1.466858
0.253096 0.431301 1 4.01487 ? 3.614713 1.441396
0.900599 2.896231 0.249074 1 0.72272 1.013287 0.922332
0.20515 0.215855 ? 1.383661 1 3.885251 4.03134
0.654336 ? 0.276647 0.986888 0.257384 1 4.560322
0.204628 0.681729 0.693772 1.084209 0.248056 0.219283 1

Matrix 75:
1 0.590734 2.098494 4.960575 1.502872 4.2645 1.125047
1.69281 1 4.85621 3.45076 1.621652 ? 2.875609
0.476532 0.205922 1 2.672252 4.743514 0.522367 ?
0.20159 0.289791 0.374216 1 1.446959 2.1224 2.87966
0.665393 0.616655 0.210814 0.691104 1 4.409997 4.05618
0.234494 ? 1.914361 0.471165 0.226758 1 3.377997
0.888852 0.347752 ? 0.347263 0.246537 0.296033 1

Matrix 76:
1 1.792671 ? 2.587204 2.985286 1.754584 0.283165
0.557827 1 2.659583 4.729095 0.74765 4.013848 4.901287
? 0.375999 1 2.489618 4.74191 4.822185 3.540808
0.386518 0.211457 0.401668 1 0.439809 4.476254 2.846852
0.334976 1.337524 0.210886 2.273716 1 ? 2.324534
0.569936 0.249137 0.207375 0.223401 ? 1 0.909979
3.531507 0.204028 0.282421 0.351265 0.430194 1.098926 1

Matrix 77:
1 0.878228 3.690017 2.051079 3.823662 ? ?
1.138656 1 4.122867 3.836831 2.359088 2.605503 2.334281
0.271001 0.24255 1 4.108691 1.775149 0.294407 0.942534
0.487548 0.260632 0.243387 1 3.946377 4.504088 4.920994
0.261529 0.423893 0.563333 0.253397 1 1.966563 4.269276
? 0.383803 3.396664 0.222021 0.508501 1 4.330768
? 0.428397 1.060969 0.203211 0.234232 0.230906 1

Matrix 78:
1 2.515468 1.429662 3.723952 0.31762 4.098844 3.267827
0.39754 1 1.228828 ? 3.6844 2.813989 1.692133
0.699466 0.813784 1 ? 0.398009 0.657354 4.1809
0.268532 ? ? 1 3.427008 2.103987 2.970158
3.148412 0.271415 2.512505 0.2918 1 1.542461 4.03923
0.243971 0.355367 1.52125 0.475288 0.648315 1 2.518488
0.306014 0.59097 0.239183 0.336682 0.247572 0.397064 1

Matrix 79:
1 0.442125 1.358653 1.007204 4.757748 1.068434 0.352098
2.261804 1 4.183392 2.365426 4.18061 3.808474 3.295359
0.736023 0.23904 1 1.227209 3.590181 4.998638 ?
0.992847 0.422757 0.814857 1 3.596992 3.983772 3.498428
0.210183 0.2392 0.278538 0.27801 1 1.591868 4.591778
0.935949 0.262572 0.200054 0.251018 0.628193 1 ?
2.840117 0.303457 ? 0.285843 0.217781 ? 1

Matrix 80:
1 4.704795 1.882904 3.241543 1.196968 0.299097 1.442281
0.212549 1 2.244124 0.401557 2.958582 0.869123 4.825592
0.531094 0.445608 1 3.095262 0.778339 4.786092 ?
0.308495 2.490308 0.323074 1 1.343118 ? 4.635684
0.835444 0.338 1.284787 0.744536 1 1.983353 3.869459
3.343395 1.150586 0.208939 ? 0.504197 1 4.682489
0.693346 0.207228 ? 0.215718 0.258434 0.213562 1

Matrix 81:
1 3.498963 4.792817 1.472283 ? 3.240982 ?
0.285799 1 0.99514 3.695149 3.584234 0.489777 2.160787
0.208646 1.004884 1 3.710686 1.778845 4.982218 0.238038
0.679217 0.270625 0.269492 1 3.695583 4.45922 3.396107
? 0.279 0.562162 0.270593 1 4.747774 3.659866
0.308549 2.041745 0.200714 0.224254 0.210625 1 0.281795
? 0.462794 4.201008 0.294455 0.273234 3.548683 1

Matrix 82:
1 3.362119 2.453887 2.996825 0.982955 ? 4.216968
0.297431 1 4.021185 2.846357 1.81898 3.705439 0.728059
0.407517 0.248683 1 2.571287 4.732804 2.585771 3.501297
0.333687 0.351326 0.38891 1 ? 1.03535 3.26345
1.017341 0.549759 0.211291 ? 1 3.634627 2.914909
? 0.269874 0.386732 0.965857 0.275131 1 2.630549
0.237137 1.373515 0.285608 0.306424 0.343064 0.380149 1

Matrix 83:
1 ? 3.929048 4.267168 4.479255 3.701115 0.403423
? 1 2.786781 1.27582 0.348261 2.352941 3.707559
0.254515 0.358837 1 2.189141 2.389017 1.444282 0.518501
0.234347 0.78381 0.4568 1 2.714846 2.339357 0.834443
0.223251 2.871413 0.418582 0.368345 1 3.358431 ?
0.270189 0.425 0.692386 0.427468 0.297758 1 1.581901
2.478788 0.269719 1.928635 1.198405 ? 0.632151 1

Matrix 84:
1 4.833196 0.232229 0.55541 3.587801 1.195517 3.530627
0.206902 1 ? 0.881785 4.803093 3.878365 2.693028
4.306097 ? 1 3.434777 4.910138 4.534006 1.091737
1.800471 1.134064 0.29114 1 4.273353 ? 3.368743
0.278722 0.208199 0.20366 0.234008 1 1.056468 2.349092
0.836458 0.257841 0.220556 ? 0.946551 1 0.946062
0.283236 0.371329 0.915971 0.296847 0.425696 1.057013 1

Matrix 85:
1 4.035335 3.8515 0.543335 ? 1.410871 1.734481
0.247811 1 2.87175 2.753859 4.74348 1.294926 0.359314
0.259639 0.34822 1 2.892257 3.158239 3.000455 3.49551
1.840485 0.363127 0.345751 1 4.914176 2.149066 4.363198
? 0.210816 0.316632 0.203493 1 1.442659 ?
0.708782 0.772245 0.333283 0.465318 0.693165 1 1.287225
0.576541 2.783081 0.286081 0.22919 ? 0.776865 1

Matrix 86:
1 0.776905 4.927406 3.520283 1.442956 2.60095 0.765258
1.287159 1 3.461089 1.436512 2.24488 0.864472 0.210021
0.202947 0.288926 1 0.566056 3.173434 4.228065 4.831902
0.284068 0.69613 1.766609 1 ? 4.062058 ?
0.693022 0.445458 0.315116 ? 1 4.734141 0.52427
0.384475 1.156776 0.236515 0.246181 0.211232 1 0.726882
1.306749 4.761439 0.206958 ? 1.907415 1.375738 1

Matrix 87:
1 4.292213 3.510462 ? 3.448412 4.29052 4.041814
0.23298 1 0.910541 2.000132 1.979014 2.255927 4.302341
0.284863 1.098248 1 2.93285 1.828927 2.25091 4.219792
? 0.499967 0.340965 1 3.708259 3.277791 4.597217
0.289989 0.505302 0.546769 0.269668 1 2.930952 2.283829
0.233072 0.443277 0.444265 0.305084 0.341186 1 ?
0.247414 0.232432 0.236978 0.217523 0.437861 ? 1

Matrix 88:
1 4.458351 2.088229 4.298789 4.351878 1.702091 4.313139
0.224298 1 4.167848 4.528346 ? ? 2.485291
0.478875 0.239932 1 3.171383 1.224315 3.11183 3.049866
0.232624 0.220831 0.31532 1 1.93464 3.587841 4.434404
0.229786 ? 0.816783 0.516892 1 2.265977 1.310537
0.587513 ? 0.321354 0.278719 0.441311 1 3.478109
0.23185 0.402367 0.327883 0.225509 0.763046 0.287513 1

Matrix 89:
1 3.370524 4.081694 4.080293 1.055868 0.521574 2.539518
0.29669 1 0.674347 ? 3.547376 2.515727 1.383678
0.244996 1.482915 1 ? 4.02466 0.461497 2.098558
0.24508 ? ? 1 0.561039 3.154648 3.682337
0.947088 0.281899 0.248468 1.782407 1 0.287423 4.734873
1.917272 0.397499 2.166861 0.316993 3.479192 1 0.298534
0.393776 0.722712 0.476518 0.271567 0.211199 3.349705 1

Matrix 90:
1 1.56342 4.926675 1.294365 ? 4.77357 2.05092
0.639624 1 0.977489 0.656261 1.845248 2.452063 2.918213
0.202977 1.02303 1 ? 4.773097 3.36537 1.037385
0.77258 1.523783 ? 1 1.137829 0.770414 3.92841
? 0.541933 0.209508 0.878866 1 4.189243 0.892806
0.209487 0.40782 0.297144 1.298003 0.238707 1 2.688267
0.487586 0.342675 0.963962 0.254556 1.120065 0.371987 1

Matrix 91:
1 1.509292 0.932542 4.555823 0.552664 2.868872 1.555329
0.662563 1 2.271473 2.619043 ? 3.938447 2.457059
1.072337 0.440243 1 3.186316 2.282508 ? 1.148061
0.219499 0.381819 0.313842 1 1.756495 4.095584 0.909445
1.809418 ? 0.438115 0.569316 1 0.666133 0.584032
0.348569 0.253907 ? 0.244165 1.501203 1 0.572733
0.642951 0.406991 0.871034 1.099572 1.712235 1.746013 1

Matrix 92:
1 2.368247 2.690226 1.099304 2.535131 1.692467 2.602587
0.422253 1 4.558532 ? 3.846679 2.547702 1.373252
0.371716 0.219369 1 0.301016 3.963021 3.087798 3.346536
0.909667 ? 3.322083 1 3.56214 4.453784 3.247293
0.394457 0.259965 0.252333 0.28073 1 2.213521 1.934231
0.590853 0.392511 0.323855 0.224528 0.451769 1 ?
0.384233 0.728199 0.298816 0.307949 0.517001 ? 1

Matrix 93:
1 4.907334 4.846049 ? 4.909768 0.403708 1.552548
0.203777 1 3.398122 1.286978 1.578307 1.049279 ?
0.206354 0.29428 1 4.866478 4.015388 1.614096 1.116666
? 0.777014 0.205487 1 0.49164 4.327265 2.316278
0.203676 0.63359 0.249042 2.034007 1 2.975333 3.099906
2.47704 0.953036 0.619542 0.231093 0.336097 1 3.083816
0.644103 ? 0.895523 0.431727 0.32259 0.324274 1

Matrix 94:
1 0.343933 0.569952 2.362215 1.523565 0.243059 3.321112
2.907541 1 0.943767 ? 4.395109 1.42402 0.920401
1.754535 1.059583 1 1.210517 1.994982 3.744452 1.849818
0.423331 ? 0.826093 1 2.270352 0.976698 1.290204
0.656355 0.227526 0.501258 0.44046 1 ? 2.860524
4.114231 0.702237 0.267062 1.023858 ? 1 1.24033
0.301104 1.086483 0.540594 0.775071 0.349586 0.806237 1

Matrix 95:
1 1.784189 4.242219 ? 4.811063 2.624873 1.85192
0.560479 1 3.922846 4.117474 2.815947 4.846456 1.867545
0.235726 0.254917 1 3.320826 2.523676 0.328645 3.851838
? 0.242867 0.30113 1 ? 1.728043 0.886311
0.207854 0.35512 0.396247 ? 1 0.278983 4.802203
0.380971 0.206336 3.042796 0.578689 3.584454 1 3.015599
0.53998 0.535462 0.259616 1.128272 0.208238 0.331609 1

Matrix 96:
1 2.278274 4.712062 0.335415 1.812647 2.80717 ?
0.438929 1 1.364937 4.528146 4.132779 1.728452 3.865767
0.212221 0.732634 1 1.665671 2.278967 3.685886 ?
2.981384 0.220841 0.600359 1 3.68547 1.223462 2.322854
0.551679 0.241968 0.438795 0.271336 1 4.513678 2.158508
0.356231 0.578552 0.271305 0.817353 0.221549 1 4.929619
? 0.258681 ? 0.430505 0.463283 0.202855 1

Matrix 97:
1 3.430436 2.307136 ? 3.788984 3.854062 0.884085
0.291508 1 3.580369 1.466823 1.856841 3.192485 2.964027
0.433438 0.279301 1 4.117288 1.386615 0.688382 2.583812
? 0.681745 0.242878 1 2.671961 4.033522 4.197524
0.263923 0.538549 0.721181 0.374257 1 ? 0.790125
0.259467 0.313236 1.452682 0.247922 ? 1 2.638515
1.131113 0.337379 0.387025 0.238236 1.265623 0.379001 1

Matrix 98:
1 0.889191 0.782856 0.997964 ? 1.501215 3.118721
1.124618 1 2.323386 4.535579 4.63912 1.259647 1.580821
1.277374 0.430406 1 1.710604 2.56838 2.828487 0.844609
1.00204 0.220479 0.584589 1 3.405953 3.793275 3.522071
? 0.215558 0.38935 0.293604 1 3.65911 ?
0.666127 0.793873 0.353546 0.263624 0.273291 1 3.729884
0.320644 0.632583 1.183979 0.283924 ? 0.268105 1

Matrix 99:
1 1.867475 0.217933 ? 1.60905 4.110586 0.601742
0.535482 1 3.481439 2.866416 0.870638 0.416435 1.585829
4.588566 0.287238 1 1.490796 3.354889 1.389096 2.764081
? 0.348868 0.670783 1 3.04266 ? 0.793606
0.621485 1.148582 0.298072 0.32866 1 3.951813 3.715466
0.243274 2.401337 0.719893 ? 0.253048 1 0.803041
1.661842 0.630585 0.361784 1.26007 0.269145 1.245266 1

Matrix 100:
1 4.992596 0.768852 2.180906 ? 0.796186 4.087887
0.200297 1 2.083708 1.2655 1.417796 4.85667 0.485032
1.300641 0.479914 1 1.252323 3.326263 ? 4.082288
0.458525 0.790201 0.798516 1 4.350399 2.519566 1.714809
? 0.70532 0.300638 0.229864 1 4.393243 3.010736
1.255989 0.205902 ? 0.396894 0.227622 1 4.234527
0.244625 2.061718 0.244961 0.583155 0.332145 0.236154 1

