Matrix 1:
1 0.957316 ? 2.713315 0.446664 4.064317 1.318737
1.044587 1 2.020828 2.678365 4.396552 0.437892 4.75608
? 0.494847 1 2.097791 0.769417 2.328544 ?
0.368553 0.373362 0.476692 1 3.368562 ? 2.321381
2.238817 0.227451 1.299685 0.296863 1 1.583133 2.222173
0.246044 2.283667 0.429453 ? 0.631659 1 0.568721
0.758301 0.210257 ? 0.430778 0.45001 1.758333 1

Matrix 2:
1 1.922256 0.57743 3.79354 1.839777 3.654379 2.534208
0.520222 1 ? 0.306387 1.087385 0.783626 1.716127
1.73181 ? 1 0.487759 1.56455 1.233412 0.693973
0.263606 3.263849 2.050192 1 ? 3.631359 3.985505
0.543544 0.919637 0.639161 ? 1 ? 3.987944
0.273644 1.27612 0.810759 0.275379 ? 1 3.78894
0.394601 0.582707 1.440979 0.250909 0.250756 0.263926 1

Matrix 3:
1 ? 1.994916 3.265496 4.955463 4.46838 2.427845
? 1 0.606646 0.356161 4.90659 2.916828 0.38138
0.501274 1.648409 1 0.236668 3.756192 1.528096 3.810182
0.306232 2.807722 4.225325 1 3.347534 3.769575 ?
0.201798 0.203808 0.266227 0.298727 1 0.875859 3.722674
0.223795 0.342838 0.654409 0.265282 1.141737 1 ?
0.411888 2.622057 0.262455 ? 0.268624 ? 1

Matrix 4:
1 3.649603 ? 1.526592 3.793003 ? 3.30366
0.274002 1 3.547451 1.109799 1.505289 2.043689 3.812936
? 0.281893 1 1.533156 0.905912 ? 3.220537
0.655054 0.901064 0.652249 1 3.356251 2.174429 2.734796
0.263643 0.664324 1.10386 0.297952 1 1.07755 3.928596
? 0.489311 ? 0.459891 0.928031 1 2.5817
0.302695 0.262265 0.310507 0.365658 0.254544 0.387342 1

Matrix 5:
1 4.137764 4.592291 1.294488 1.821943 2.703206 ?
0.241676 1 1.781618 2.712588 4.976944 3.778476 4.244752
0.217756 0.561288 1 1.55337 ? 4.398413 0.706958
0.772506 0.368652 0.643762 1 2.518019 2.978139 2.481108
0.548865 0.200927 ? 0.397138 1 ? 1.442935
0.369931 0.264657 0.227355 0.33578 ? 1 1.668727
? 0.235585 1.414512 0.403046 0.693032 0.599259 1

Matrix 6:
1 0.735935 3.741119 1.373958 4.4477 0.837163 2.988437
1.358815 1 0.791363 3.965716 1.094286 ? ?
0.2673 1.263643 1 1.124163 4.895865 3.738336 2.737884
0.727824 0.252161 0.889551 1 4.520157 1.501974 0.408317
0.224835 0.913838 0.204254 0.221231 1 2.714609 0.674637
1.194511 ? 0.267499 0.66579 0.368377 1 ?
0.334623 ? 0.365246 2.449076 1.482279 ? 1

Matrix 7:
1 1.853474 ? 1.346297 3.53922 0.898021 1.35974
0.539528 1 4.799782 1.662672 2.147853 0.735559 ?
? 0.208343 1 ? 0.24713 0.755335 1.883411
0.742778 0.601441 ? 1 2.846519 1.183685 2.146539
0.282548 0.465581 4.046453 0.351306 1 0.618236 4.152127
1.11356 1.359511 1.323915 0.844819 1.617505 1 0.823723
0.735435 ? 0.530952 0.465866 0.24084 1.214 1

Matrix 8:
1 2.828402 1.901611 ? ? 4.658819 0.907813
0.353557 1 0.377667 0.395724 0.721837 ? 2.769683
0.52587 2.647838 1 0.766915 3.833286 1.690279 3.092601
? 2.527016 1.303926 1 4.843294 1.840556 1.267993
? 1.385354 0.260873 0.206471 1 4.249761 3.318579
0.214647 ? 0.591618 0.543314 0.235307 1 4.026087
1.101549 0.361052 0.323352 0.788648 0.301334 0.24838 1

Matrix 9:
1 3.668182 2.826776 2.111559 ? 1.491745 3.751979
0.272615 1 3.482833 1.937877 3.772108 3.925934 1.588675
0.35376 0.287123 1 4.85318 4.374012 0.62727 ?
0.473584 0.516029 0.20605 1 ? 3.2467 0.570448
? 0.265104 0.228623 ? 1 2.300001 2.919966
0.670356 0.254716 1.59421 0.308005 0.434782 1 1.800128
0.266526 0.629455 ? 1.753009 0.34247 0.555516 1

Matrix 10:
1 0.701882 0.225633 1.008978 2.750344 4.497061 2.927788
1.424741 1 4.662913 4.769573 ? 4.611956 4.538666
4.431979 0.214458 1 0.607459 1.393223 1.924958 0.540691
0.991102 0.209662 1.646202 1 0.931395 ? 1.16798
0.363591 ? 0.71776 1.073658 1 ? 3.051477
0.222367 0.216828 0.519492 ? ? 1 2.901931
0.341555 0.220329 1.849485 0.856179 0.32771 0.344598 1

Matrix 11:
1 ? 0.931664 0.764366 ? 0.386403 2.247397
? 1 1.101841 1.099075 1.59299 2.156493 1.72647
1.073349 0.907572 1 2.102859 4.912571 3.017967 1.413934
1.308274 0.909856 0.475543 1 4.248877 3.996691 3.456901
? 0.62775 0.203559 0.235356 1 1.156491 3.690365
2.587974 0.463716 0.331349 0.250207 0.864685 1 ?
0.444959 0.579216 0.707247 0.289276 0.270976 ? 1

Matrix 12:
1 1.139812 0.402992 0.905986 1.333489 4.744081 3.224396
0.877338 1 ? ? 3.75897 3.167571 0.534617
2.48144 ? 1 3.147201 0.208202 3.701879 3.689728
1.10377 ? 0.317743 1 0.721065 3.008488 3.726467
0.749913 0.26603 4.803024 1.386837 1 ? 1.376876
0.210789 0.315699 0.270133 0.332393 ? 1 2.060836
0.310136 1.870498 0.271023 0.268351 0.726282 0.48524 1

Matrix 13:
1 4.741664 1.615916 3.276718 0.548756 0.985229 0.450758
0.210896 1 1.928471 3.736184 3.658614 2.802499 4.113047
0.618844 0.518545 1 ? 4.846069 0.505285 ?
0.305183 0.267653 ? 1 2.503632 3.1175 1.488361
1.822302 0.273328 0.206353 0.39942 1 0.92808 4.354694
1.014993 0.356824 1.979082 0.32077 1.077493 1 ?
2.218484 0.243129 ? 0.67188 0.229637 ? 1

Matrix 14:
1 4.515469 ? 1.591172 2.364758 ? 2.654749
0.221461 1 2.707259 ? 2.865237 4.759673 4.784546
? 0.369377 1 3.970877 0.201335 0.301887 1.43442
0.628468 ? 0.251834 1 0.945964 1.8522 0.958489
0.422876 0.349011 4.966851 1.057122 1 1.785118 1.805576
? 0.210098 3.3125 0.539899 0.560187 1 1.710241
0.376683 0.209006 0.697146 1.043309 0.55384 0.584713 1

Matrix 15:
1 2.677578 4.721102 ? 2.755484 4.704874 2.256193
0.373472 1 2.842458 2.545418 2.593271 4.678702 3.032984
0.211815 0.351808 1 0.89143 ? 4.404253 0.636275
? 0.392863 1.121793 1 4.860973 3.635604 4.850437
0.362913 0.385613 ? 0.20572 1 1.354008 4.166307
0.212546 0.213734 0.227053 0.275057 0.738548 1 ?
0.443225 0.329708 1.571646 0.206167 0.240021 ? 1

Matrix 16:
1 0.701509 1.063546 1.490192 3.211472 ? 1.928636
1.425498 1 2.826312 1.720012 1.028789 ? 1.097346
0.940251 0.353818 1 4.433025 2.936237 3.684237 3.17394
0.671054 0.581391 0.22558 1 4.622849 4.471565 ?
0.311384 0.972017 0.340572 0.216317 1 4.951877 4.889121
? ? 0.271427 0.223635 0.201944 1 2.536662
0.518501 0.911289 0.315066 ? 0.204536 0.394219 1

Matrix 17:
1 3.140591 2.695954 1.908865 4.086844 2.164823 3.599321
0.318411 1 1.397487 4.251215 3.025115 2.487231 ?
0.370926 0.71557 1 ? 2.686695 0.614763 0.567901
0.523871 0.235227 ? 1 3.940295 3.436457 4.123132
0.244688 0.330566 0.372205 0.253788 1 0.987128 ?
0.461932 0.402053 1.626643 0.290997 1.01304 1 0.501844
0.27783 ? 1.76087 0.242534 ? 1.992652 1

Matrix 18:
1 3.064995 4.398574 ? 4.265827 0.720504 ?
0.326265 1 2.868681 3.306447 4.972238 4.196338 3.401847
0.227346 0.348592 1 3.855524 3.089376 ? 2.866807
? 0.302439 0.259368 1 1.237347 1.016761 1.946749
0.234421 0.201117 0.32369 0.808181 1 1.299426 2.426526
1.387917 0.238303 ? 0.983515 0.769571 1 1.106485
? 0.293958 0.34882 0.513677 0.412112 0.903763 1

Matrix 19:
1 0.292208 4.384423 2.967907 0.32655 ? 3.915578
3.422218 1 4.999636 3.199784 ? 4.281282 4.48807
0.22808 0.200015 1 1.811344 0.612208 4.974672 ?
0.336938 0.312521 0.552076 1 0.606304 3.413944 4.9336
3.062317 ? 1.633431 1.649339 1 3.207329 3.836937
? 0.233575 0.201018 0.292916 0.311786 1 4.344223
0.25539 0.222813 ? 0.202692 0.260625 0.230191 1

Matrix 20:
1 4.611734 2.242081 2.037835 1.432148 ? 2.614981
0.216838 1 1.139299 ? 4.603493 2.072221 1.019113
0.446014 0.877732 1 3.802406 ? 4.28268 1.596546
0.490717 ? 0.262991 1 1.067407 1.245953 3.675249
0.698252 0.217226 ? 0.936849 1 3.11924 0.601998
? 0.482574 0.233499 0.802598 0.320591 1 0.235612
0.382412 0.981246 0.626352 0.27209 1.661136 4.244257 1

Matrix 21:
1 0.940885 1.161468 4.567314 4.224043 2.678038 0.944505
1.062829 1 4.806987 0.524729 2.086185 3.924282 ?
0.860979 0.208031 1 ? 4.722243 2.835763 ?
0.218947 1.905746 ? 1 4.857602 3.789536 4.734253
0.23674 0.479344 0.211764 0.205863 1 0.890266 1.372009
0.373408 0.254824 0.352639 0.263885 1.123259 1 3.394735
1.058755 ? ? 0.211227 0.728858 0.294574 1

Matrix 22:
1 4.98381 ? 2.569469 4.5217 2.227573 1.897861
0.20065 1 1.955187 3.031144 ? 0.456678 3.040176
? 0.51146 1 2.330833 2.095982 3.528878 4.355347
0.389186 0.329908 0.429031 1 4.839308 0.670324 1.809043
0.221156 ? 0.477103 0.206641 1 3.754062 ?
0.448919 2.189728 0.283376 1.491815 0.266378 1 3.155459
0.526909 0.328928 0.229603 0.552779 ? 0.316911 1

Matrix 23:
1 ? 1.658488 0.20452 4.78693 2.868731 1.50293
? 1 ? 3.703735 3.04166 1.389651 4.714972
0.602959 ? 1 0.526911 3.30848 ? 4.856864
4.889495 0.269998 1.897855 1 2.607627 3.263234 2.292428
0.208902 0.328768 0.302254 0.38349 1 3.32012 3.041578
0.348586 0.719605 ? 0.306445 0.301194 1 0.40571
0.665367 0.21209 0.205894 0.436219 0.328777 2.464818 1

Matrix 24:
1 ? 4.212032 4.907796 0.526334 2.952558 ?
? 1 3.722967 1.687407 4.409732 1.846217 4.111054
0.237415 0.268603 1 4.455784 3.347305 1.678618 2.23307
0.203757 0.592625 0.224427 1 2.063194 1.389959 1.510391
1.899934 0.226771 0.298748 0.484685 1 3.052441 ?
0.338689 0.541648 0.595728 0.719445 0.327607 1 4.597134
? 0.243247 0.447814 0.66208 ? 0.217527 1

Matrix 25:
1 0.284884 3.557399 4.671944 ? 0.714893 ?
3.510197 1 0.243592 2.600026 4.404675 3.26143 3.389932
0.281104 4.105231 1 1.990807 4.154416 4.503147 3.551991
0.214044 0.384612 0.502309 1 3.369254 ? 3.210406
? 0.227031 0.240708 0.296802 1 0.985362 2.405277
1.398811 0.306614 0.222067 ? 1.014855 1 1.161438
? 0.294991 0.281532 0.311487 0.415752 0.861002 1

Matrix 26:
1 2.526511 1.829039 3.610048 3.436569 3.977086 3.932324
0.395803 1 4.638082 3.445272 4.975339 4.545932 4.789375
0.546735 0.215606 1 0.62095 1.417125 3.924172 0.933189
0.277005 0.290253 1.610436 1 ? 4.410322 4.148883
0.290988 0.200991 0.705654 ? 1 3.197251 ?
0.25144 0.219977 0.254831 0.226741 0.312769 1 ?
0.254303 0.208795 1.071594 0.241029 ? ? 1

Matrix 27:
1 3.149253 4.494721 3.401024 1.007471 ? 2.772801
0.317536 1 4.977889 2.229039 3.09216 1.636203 ?
0.222483 0.200888 1 0.22681 4.356689 4.378497 0.720057
0.294029 0.448624 4.408975 1 4.519856 1.285632 1.186638
0.992584 0.323399 0.229532 0.221246 1 ? 3.107004
? 0.611171 0.228389 0.777828 ? 1 0.685766
0.360646 ? 1.38878 0.842717 0.321853 1.458223 1

Matrix 28:
1 2.776796 0.568768 2.370026 1.214484 0.953808 4.475918
0.360127 1 4.590632 1.226462 4.927071 0.266587 ?
1.758185 0.217835 1 0.45665 0.894507 ? ?
0.421936 0.815354 2.189861 1 0.430296 3.215613 3.289506
0.823395 0.20296 1.117935 2.32398 1 2.254208 2.608583
1.048429 3.751118 ? 0.310983 0.443615 1 2.514596
0.223418 ? ? 0.303997 0.38335 0.397678 1

Matrix 29:
1 4.008023 2.253448 3.637232 3.25254 1.153112 2.342495
0.2495 1 3.557798 1.094328 4.81467 4.979232 4.149317
0.443764 0.281073 1 4.089967 4.683843 2.528826 4.84905
0.274934 0.913802 0.244501 1 4.800447 ? 0.778619
0.307452 0.207699 0.2135 0.208314 1 ? ?
0.867218 0.200834 0.39544 ? ? 1 0.215041
0.426895 0.241004 0.206226 1.284326 ? 4.650276 1

Matrix 30:
1 1.047849 4.255235 2.099637 ? 3.30668 0.580398
0.954336 1 ? 4.21764 4.068744 1.527113 2.779308
0.235005 ? 1 3.697704 0.690178 1.97028 1.770876
0.476273 0.237099 0.270438 1 2.194746 0.876498 ?
? 0.245776 1.448901 0.455633 1 4.919457 2.938019
0.302418 0.65483 0.507542 1.140905 0.203274 1 0.404358
1.722956 0.359802 0.564692 ? 0.340365 2.473058 1

Matrix 31:
1 4.452855 4.056209 4.543022 2.599521 1.845462 3.421568
0.224575 1 4.990931 0.635886 4.056245 ? 2.224018
0.246536 0.200363 1 1.935965 ? 4.21227 2.927301
0.220118 1.572609 0.516538 1 2.306188 ? 1.208961
0.384686 0.246533 ? 0.433616 1 3.82634 2.226303
0.54187 ? 0.237402 ? 0.261346 1 2.480028
0.292264 0.449637 0.341612 0.827157 0.449175 0.403221 1

Matrix 32:
1 4.496447 4.174949 1.689071 0.88789 ? 1.142976
0.222398 1 4.073946 1.329856 3.573282 1.984967 3.162065
0.239524 0.245462 1 4.890985 4.326077 4.342738 ?
0.592041 0.751961 0.204458 1 4.27306 4.013167 0.606172
1.126266 0.279855 0.231156 0.234024 1 ? 4.56489
? 0.503787 0.230269 0.24918 ? 1 4.971244
0.874909 0.316249 ? 1.649696 0.219063 0.201157 1

Matrix 33:
1 2.105052 2.471238 4.296407 3.7742 4.93996 4.888313
0.475048 1 ? 3.048234 ? 2.37151 4.448764
0.404656 ? 1 1.629258 ? 4.888991 4.275187
0.232753 0.328059 0.613776 1 0.277767 3.65789 2.931283
0.264957 ? ? 3.600139 1 2.466728 0.758107
0.202431 0.421672 0.204541 0.273382 0.405395 1 1.934111
0.20457 0.224782 0.233908 0.341148 1.319076 0.517033 1

Matrix 34:
1 4.3113 2.238197 4.232841 3.994439 1.985527 1.49204
0.231949 1 ? 1.102922 0.666536 0.653621 3.973099
0.446788 ? 1 2.156664 ? 3.97316 1.914359
0.236248 0.906682 0.463679 1 ? 3.757983 2.695287
0.250348 1.500294 ? ? 1 3.062288 2.646179
0.503645 1.529939 0.251689 0.2661 0.326553 1 2.029077
0.670223 0.251693 0.522368 0.371018 0.377903 0.492835 1

Matrix 35:
1 ? 1.050125 3.146122 2.534084 1.795177 4.933796
? 1 ? 3.703099 3.435148 4.138326 1.796333
0.952267 ? 1 ? 0.402748 1.907503 3.33873
0.317852 0.270044 ? 1 4.872805 2.689521 3.602505
0.39462 0.291108 2.48294 0.205221 1 1.659181 3.128524
0.557048 0.241644 0.524245 0.371813 0.602707 1 0.709582
0.202684 0.55669 0.299515 0.277585 0.31964 1.409281 1

Matrix 36:
1 4.902598 3.787153 2.475235 3.939691 0.608709 2.553405
0.203973 1 4.346974 2.998287 2.337592 4.922498 ?
0.264051 0.230045 1 0.442441 4.719296 2.779016 4.708595
0.404002 0.333524 2.26019 1 ? 4.84177 ?
0.253827 0.427791 0.211896 ? 1 2.934309 3.041136
1.642822 0.203149 0.35984 0.206536 0.340796 1 2.070019
0.391634 ? 0.212378 ? 0.328825 0.483087 1

Matrix 37:
1 0.469006 4.075175 0.908889 3.636974 3.509172 2.43825
2.13217 1 ? 2.408788 4.84114 4.304266 2.790556
0.245388 ? 1 3.520515 3.681575 ? 2.239718
1.100244 0.415147 0.284049 1 ? 2.6837 1.557723
0.274954 0.206563 0.271623 ? 1 1.784812 1.075854
0.284968 0.232328 ? 0.37262 0.560283 1 4.770125
0.41013 0.358352 0.446485 0.641963 0.929494 0.209638 1

Matrix 38:
1 3.821693 2.854245 0.570143 1.288082 4.863199 3.103838
0.261664 1 ? 3.857315 1.306265 1.378042 3.06375
0.350355 ? 1 3.015281 2.30748 ? 2.487994
1.753947 0.259248 0.331644 1 4.66153 ? 0.871088
0.776348 0.765541 0.433373 0.214522 1 0.21581 1.57185
0.205626 0.725667 ? ? 4.63371 1 1.539248
0.322182 0.326397 0.40193 1.14799 0.636193 0.649668 1

Matrix 39:
1 1.837237 1.865989 4.766003 3.655235 1.191884 1.798108
0.544295 1 4.223477 3.138721 3.830241 2.71594 2.141403
0.535909 0.236772 1 1.870921 4.311422 1.260463 4.239514
0.209819 0.318601 0.534496 1 2.927238 ? 2.330835
0.27358 0.26108 0.231942 0.341619 1 ? ?
0.839008 0.368197 0.793359 ? ? 1 3.006952
0.55614 0.466983 0.235876 0.429031 ? 0.332563 1

Matrix 40:
1 2.733887 1.848808 1.608222 3.819555 0.530164 3.707456
0.36578 1 0.391052 1.408715 ? ? 3.85987
0.540889 2.557204 1 3.321905 ? 2.017974 3.8893
0.621805 0.709867 0.301032 1 3.326084 1.341855 4.391933
0.261811 ? ? 0.300654 1 4.669592 2.513182
1.886208 ? 0.495547 0.745237 0.214151 1 4.639135
0.269727 0.259076 0.257116 0.22769 0.397902 0.215557 1

Matrix 41:
1 1.079505 3.250704 3.713766 4.108357 2.829992 0.430353
0.926351 1 1.662497 0.675413 ? 1.568626 3.670238
0.307626 0.601505 1 1.165478 0.967904 0.971591 1.638253
0.269268 1.480575 0.858017 1 ? ? 0.305455
0.243406 ? 1.03316 ? 1 3.793605 2.622273
0.353358 0.6375 1.02924 ? 0.263602 1 2.062714
2.323671 0.272462 0.610407 3.273805 0.381349 0.484798 1

Matrix 42:
1 4.025986 2.285274 0.468678 3.600236 4.349184 4.99594
0.248386 1 3.473525 ? 0.386699 3.400074 ?
0.437584 0.287892 1 ? 0.337836 1.460838 3.447325
2.133659 ? ? 1 2.822367 1.954347 4.216472
0.27776 2.58599 2.960016 0.354312 1 3.617538 2.079176
0.229928 0.294111 0.684539 0.51168 0.276431 1 1.776029
0.200163 ? 0.29008 0.237165 0.48096 0.563054 1

Matrix 43:
1 ? 4.096203 0.505083 1.710819 4.074424 2.806372
? 1 4.612472 2.012786 3.810789 1.469615 1.976482
0.244129 0.216804 1 ? 3.013197 3.719863 0.704727
1.979873 0.496824 ? 1 4.414699 4.044495 2.208533
0.584515 0.262413 0.331873 0.226516 1 ? 1.816488
0.245433 0.68045 0.268827 0.24725 ? 1 0.276611
0.356332 0.505949 1.418988 0.452789 0.550513 3.615185 1

Matrix 44:
1 3.491639 ? 4.311545 3.576324 ? 0.429502
0.286398 1 3.139181 1.651433 1.878813 2.442474 0.764594
? 0.318554 1 3.661782 0.478543 ? 3.616675
0.231935 0.605535 0.273091 1 3.031303 2.500437 2.376401
0.279617 0.532251 2.089677 0.329891 1 2.537128 2.683779
? 0.409421 ? 0.39993 0.394146 1 1.482772
2.328276 1.307884 0.276497 0.420804 0.372609 0.674412 1

Matrix 45:
1 0.408845 ? 4.060924 ? 2.454311 1.922451
2.445914 1 2.068134 0.423043 2.131614 3.975813 4.132639
? 0.483528 1 4.180889 3.992658 0.661933 ?
0.246249 2.363823 0.239184 1 1.707545 2.403385 0.841877
? 0.469128 0.25046 0.585636 1 3.480317 3.676892
0.407446 0.251521 1.510726 0.41608 0.28733 1 0.69861
0.520169 0.241976 ? 1.187821 0.271969 1.431414 1

Matrix 46:
1 4.855093 ? 1.453989 0.998211 0.27171 2.717525
0.205969 1 1.44107 4.518477 1.421341 1.507731 2.434224
? 0.693929 1 0.257494 3.521355 4.76372 2.329543
0.687763 0.221314 3.883588 1 4.45802 ? 1.947677
1.001793 0.703561 0.283982 0.224315 1 ? 1.555158
3.680389 0.663248 0.20992 ? ? 1 2.225713
0.367982 0.410808 0.429269 0.513432 0.643021 0.449294 1

Matrix 47:
1 ? 0.922786 4.89297 0.293526 4.064456 0.606407
? 1 3.810705 2.155443 3.623627 2.975617 1.891084
1.083675 0.262419 1 ? ? 1.276014 1.158161
0.204375 0.463942 ? 1 2.321775 2.379126 3.153092
3.406852 0.275967 ? 0.430705 1 0.903255 4.703718
0.246035 0.336065 0.783691 0.420322 1.107107 1 0.503429
1.649058 0.528797 0.863438 0.317149 0.212598 1.986377 1

Matrix 48:
1 2.306812 1.946717 3.269805 3.024028 0.940032 ?
0.433499 1 ? 3.120346 4.465036 0.509914 1.243445
0.513685 ? 1 1.353278 4.860842 ? 1.882644
0.305829 0.320477 0.738947 1 2.595495 0.531897 0.82004
0.330685 0.223962 0.205726 0.385283 1 1.796358 1.649777
1.063793 1.961115 ? 1.880064 0.556682 1 0.347734
? 0.804218 0.531168 1.219453 0.606143 2.875759 1

Matrix 49:
1 3.976167 3.649163 2.34141 0.627028 1.154929 4.361634
0.251498 1 2.353789 3.134273 2.00633 ? 1.78788
0.274035 0.424847 1 4.586966 3.736004 3.506449 2.276914
0.427093 0.319053 0.218009 1 2.08761 ? 4.233885
1.594826 0.498423 0.267666 0.479017 1 0.220016 3.611124
0.865854 ? 0.285189 ? 4.545132 1 ?
0.229272 0.559322 0.439191 0.23619 0.276922 ? 1

Matrix 50:
1 0.739459 ? 0.7769 3.973857 2.020582 4.720947
1.352341 1 0.251677 4.799201 4.282498 2.198329 ?
? 3.973346 1 1.297879 ? 3.134031 2.114972
1.287166 0.208368 0.770488 1 3.128419 0.84479 1.187346
0.251645 0.233509 ? 0.31965 1 3.5648 4.713314
0.494907 0.454891 0.319078 1.183726 0.280521 1 1.258607
0.211822 ? 0.472819 0.842215 0.212165 0.794529 1

Matrix 51:
1 4.533761 3.664369 0.330487 0.877248 3.926866 ?
0.220567 1 ? 0.326931 2.33838 2.352721 3.914641
0.272898 ? 1 4.70379 1.087479 1.446718 ?
3.025836 3.058746 0.212595 1 2.268487 4.601659 4.023915
1.139929 0.427647 0.919558 0.440822 1 0.215102 3.960716
0.254656 0.42504 0.69122 0.217313 4.648962 1 2.372392
? 0.255451 ? 0.248514 0.25248 0.421515 1

Matrix 52:
1 4.363713 ? 2.941584 1.729062 1.923558 1.983546
0.229163 1 ? 4.984406 0.895575 3.811025 1.195524
? ? 1 3.383426 1.032986 3.189351 3.151431
0.339953 0.200626 0.295558 1 0.28487 2.565854 0.662615
0.578348 1.116601 0.968067 3.510376 1 ? 1.303876
0.51987 0.262397 0.313543 0.389734 ? 1 2.684316
0.504148 0.836453 0.317316 1.509172 0.766944 0.372534 1

Matrix 53:
1 1.539723 3.18083 ? 2.246216 0.805946 0.468637
0.649467 1 0.64099 3.998667 1.903015 3.253084 2.078923
0.314383 1.560086 1 ? 4.553649 3.503631 4.54504
? 0.250083 ? 1 2.118963 4.456998 1.621726
0.445193 0.525482 0.219604 0.471929 1 3.757591 ?
1.240778 0.307401 0.285418 0.224366 0.266128 1 3.989487
2.13385 0.481018 0.22002 0.616627 ? 0.250659 1

Matrix 54:
1 3.790696 1.722309 ? 2.381149 3.872842 0.913791
0.263804 1 0.736892 1.704253 3.409078 ? 2.81525
0.580616 1.357051 1 4.250521 1.97179 1.33861 ?
? 0.586767 0.235265 1 3.303673 3.949675 1.438673
0.419965 0.293334 0.507153 0.302693 1 3.567376 0.506373
0.258208 ? 0.747044 0.253185 0.280318 1 2.809723
1.094343 0.355208 ? 0.695085 1.974829 0.355907 1

Matrix 55:
1 0.705806 0.242671 ? 4.415814 1.655677 3.819553
1.41682 1 1.593123 1.930079 3.360351 0.971167 1.403978
4.120797 0.627698 1 3.767293 4.528637 4.751362 3.731863
? 0.518114 0.265443 1 1.701397 ? 3.245295
0.226459 0.297588 0.220817 0.587752 1 ? 3.239566
0.603982 1.029689 0.210466 ? ? 1 2.182583
0.261811 0.712262 0.267963 0.308138 0.308683 0.458173 1

Matrix 56:
1 4.233433 1.837543 0.622594 1.822973 1.264534 2.810076
0.236215 1 3.648137 4.296306 ? 4.535753 1.465243
0.544205 0.274113 1 0.985299 ? 1.877178 2.28162
1.606182 0.232758 1.01492 1 4.09842 ? 4.744111
0.548555 ? ? 0.243996 1 0.666229 1.68459
0.790805 0.220471 0.532714 ? 1.500985 1 2.483363
0.355862 0.682481 0.438285 0.210788 0.593616 0.40268 1

Matrix 57:
1 ? 2.472802 2.43709 1.765677 2.552778 ?
? 1 4.042825 4.485564 1.39555 2.414696 3.659641
0.4044 0.247352 1 4.494703 4.806764 2.232105 1.87689
0.410325 0.222937 0.222484 1 ? 4.53443 1.835943
0.566355 0.716564 0.20804 ? 1 3.632799 0.571693
0.39173 0.414131 0.448008 0.220535 0.27527 1 2.525669
? 0.273251 0.532796 0.544679 1.74919 0.395935 1

Matrix 58:
1 1.358424 0.353735 3.539136 1.197673 3.601451 2.178577
0.736147 1 1.651231 4.2781 ? 2.006597 ?
2.826979 0.605609 1 1.363794 4.263107 2.847911 1.593272
0.282555 0.233749 0.733249 1 0.609373 1.44025 ?
0.834952 ? 0.234571 1.64103 1 0.713123 2.741034
0.277666 0.498356 0.351135 0.694324 1.402282 1 0.830377
0.459015 ? 0.627639 ? 0.364826 1.204272 1

Matrix 59:
1 4.832058 0.259646 2.879811 3.544466 0.973418 4.787282
0.206951 1 ? 1.143948 2.175587 ? 4.438557
3.851404 ? 1 4.595288 3.10643 ? 3.717153
0.347245 0.874165 0.217614 1 4.26506 2.943058 2.183675
0.28213 0.459646 0.321913 0.234463 1 0.664389 3.093044
1.027308 ? ? 0.339783 1.505142 1 1.277378
0.208887 0.225298 0.269023 0.457944 0.323306 0.782854 1

Matrix 60:
1 1.500797 4.903254 1.139033 1.714053 3.91499 0.771412
0.666312 1 4.725778 ? 1.998549 1.92688 ?
0.203946 0.211605 1 1.222025 3.026775 1.988359 4.090407
0.877938 ? 0.818314 1 ? 2.799284 0.634476
0.583413 0.500363 0.330385 ? 1 1.902801 0.444691
0.255429 0.518974 0.502927 0.357234 0.525541 1 2.92931
1.296324 ? 0.244474 1.576105 2.248755 0.341377 1

Matrix 61:
1 2.847559 2.583295 ? 0.227631 1.847653 3.595041
0.351178 1 0.519966 2.54465 4.188171 2.758132 0.5105
0.387102 1.923204 1 ? 3.0315 1.186595 0.214151
? 0.392981 ? 1 1.648392 2.81912 4.53184
4.393081 0.238768 0.32987 0.606652 1 ? 4.793803
0.541227 0.362564 0.842748 0.354721 ? 1 0.595294
0.278161 1.958862 4.669605 0.220661 0.208603 1.679843 1

Matrix 62:
1 0.590124 4.404748 4.12739 1.288069 4.719658 1.238388
1.694559 1 ? ? 3.164601 1.095261 1.231042
0.227028 ? 1 ? 2.439712 4.665711 0.556192
0.242284 ? ? 1 4.06654 2.251839 2.733412
0.776356 0.315996 0.409884 0.245909 1 4.486086 3.547117
0.21188 0.913025 0.21433 0.444082 0.222911 1 1.72518
0.807501 0.81232 1.797941 0.365843 0.281919 0.57965 1

Matrix 63:
1 4.469015 4.425392 ? ? ? 2.40741
0.223763 1 0.21514 2.945584 1.575748 4.883658 4.296355
0.225969 4.648132 1 1.02054 3.681981 4.422985 2.622426
? 0.339491 0.979873 1 2.423259 1.827082 2.523783
? 0.634619 0.271593 0.412667 1 1.526702 1.305583
? 0.204765 0.226092 0.547321 0.655007 1 4.650069
0.415384 0.232755 0.381326 0.396231 0.765941 0.215051 1

Matrix 64:
1 0.436956 1.811871 4.97818 ? 1.477882 0.758503
2.288561 1 1.051816 4.774953 3.161832 2.896181 0.393944
0.551916 0.950736 1 3.436134 ? 3.404636 0.905226
0.200877 0.209426 0.291025 1 0.356026 ? 2.545953
? 0.316272 ? 2.808786 1 0.78231 1.47241
0.676644 0.345282 0.293717 ? 1.278265 1 1.747407
1.318386 2.53843 1.104696 0.39278 0.679159 0.572276 1

Matrix 65:
1 2.643565 3.899083 1.761903 0.543241 2.113806 3.618042
0.378277 1 3.663749 3.974652 1.082461 2.854233 0.446298
0.256471 0.272944 1 1.259202 ? ? 3.92394
0.567568 0.251594 0.794154 1 ? 3.261646 3.462648
1.840805 0.923821 ? ? 1 1.930796 4.851781
0.47308 0.350357 ? 0.306594 0.517921 1 1.496391
0.276393 2.240657 0.254846 0.288796 0.20611 0.668275 1

Matrix 66:
1 0.413589 3.136756 4.927043 1.128619 4.775137 ?
2.417858 1 2.931042 2.175636 0.681635 ? 1.172131
0.318801 0.341176 1 3.474351 0.934734 4.090053 3.51636
0.202961 0.459636 0.287824 1 2.77026 4.236792 1.500447
0.886038 1.46706 1.069823 0.360977 1 4.222195 ?
0.209418 ? 0.244496 0.236028 0.236844 1 4.173534
? 0.853147 0.284385 0.666468 ? 0.239605 1

Matrix 67:
1 2.816668 3.052977 1.00881 1.063446 2.014163 3.648941
0.355029 1 1.743905 3.675166 4.119668 ? ?
0.327549 0.573426 1 0.817426 4.357506 3.572855 1.027889
0.991266 0.272097 1.223352 1 4.019771 1.938088 ?
0.940339 0.242738 0.229489 0.24877 1 4.102111 4.18414
0.496484 ? 0.279888 0.515972 0.243777 1 4.503383
0.274052 ? 0.972867 ? 0.238998 0.222055 1

Matrix 68:
1 2.173077 ? 0.837067 3.964303 4.848429 2.728265
0.460177 1 1.710473 3.906771 2.997806 ? 4.247938
? 0.584634 1 0.700168 2.302983 4.986319 4.535341
1.194648 0.255966 1.428228 1 4.327242 0.288514 2.52062
0.252251 0.333577 0.434219 0.231094 1 ? 1.837417
0.206252 ? 0.200549 3.466039 ? 1 3.992883
0.366533 0.235408 0.220491 0.396728 0.544242 0.250446 1

Matrix 69:
1 4.634913 2.74088 4.012298 4.708272 3.158772 1.968478
0.215754 1 3.391901 2.048417 1.683345 4.938038 ?
0.364846 0.29482 1 ? 4.356826 1.760218 4.17308
0.249234 0.488182 ? 1 0.351361 3.880664 2.831802
0.212392 0.594055 0.229525 2.846076 1 3.144094 2.355371
0.316579 0.20251 0.568111 0.257688 0.318057 1 ?
0.508007 ? 0.239631 0.353132 0.424562 ? 1

Matrix 70:
1 1.879577 1.135257 0.741121 ? 3.873487 2.781249
0.532035 1 ? 4.951752 4.390567 ? 2.177339
0.880858 ? 1 4.423315 4.493195 2.030215 0.70383
1.349307 0.201949 0.226075 1 0.53008 0.811665 2.477834
? 0.227761 0.222559 1.886508 1 0.92282 4.200513
0.258165 ? 0.492559 1.232036 1.083635 1 1.84668
0.359551 0.459276 1.420799 0.403578 0.238066 0.541512 1

Matrix 71:
1 3.134651 3.408466 2.992971 0.929643 4.027854 4.757858
0.319015 1 4.032113 ? ? 2.696523 0.697354
0.293387 0.248009 1 4.679061 4.403915 4.176999 1.583946
0.334116 ? 0.213718 1 2.728646 3.016719 ?
1.075682 ? 0.227071 0.366482 1 2.836164 4.634431
0.248271 0.370848 0.239406 0.331486 0.352589 1 0.991972
0.210179 1.433992 0.631335 ? 0.215776 1.008093 1

Matrix 72:
1 4.922305 1.383633 2.42225 4.362796 2.236135 ?
0.203157 1 3.685242 1.92112 0.861152 3.661865 3.803036
0.722735 0.271353 1 3.518272 ? 2.72722 4.934952
0.412839 0.52053 0.28423 1 4.353461 0.638041 3.364277
0.229211 1.161235 ? 0.229702 1 1.833928 3.848481
0.4472 0.273085 0.366674 1.567297 0.545278 1 ?
? 0.262948 0.202636 0.297241 0.259843 ? 1

Matrix 73:
1 1.166989 0.381363 ? 2.806729 ? 4.257209
0.856906 1 2.791714 3.152908 3.978672 2.849516 4.561118
2.622175 0.358203 1 ? 4.147335 2.78619 2.762245
? 0.317168 ? 1 2.196677 4.44279 3.420672
0.356287 0.25134 0.241119 0.455233 1 4.71761 4.348817
? 0.350937 0.358913 0.225084 0.211972 1 0.703816
0.234896 0.219244 0.362024 0.29234 0.229948 1.420826 1

Matrix 74:
1 1.759662 1.569899 3.22091 ? 3.541851 1.260014
0.568291 1 2.91791 4.248933 ? 0.432602 2.746638
0.636983 0.342711 1 2.713373 4.545755 4.96357 3.232999
0.310471 0.235353 0.368545 1 ? 1.120849 0.58117
? ? 0.219985 ? 1 0.460302 1.255768
0.282338 2.311595 0.201468 0.89218 2.172489 1 0.653088
0.793642 0.364081 0.30931 1.720668 0.796325 1.531188 1

Matrix 75:
1 3.034069 2.496981 2.662779 1.591644 ? 2.899391
0.32959 1 0.335941 1.540402 1.213031 2.875623 1.556342
0.400484 2.976712 1 4.264709 2.751824 0.871956 0.520414
0.375547 0.649181 0.234483 1 4.690596 ? 4.177496
0.628281 0.824381 0.363395 0.213193 1 ? 0.543899
? 0.347751 1.146846 ? ? 1 1.630484
0.3449 0.642532 1.921549 0.239378 1.838577 0.613315 1

Matrix 76:
1 0.971215 4.314565 1.926176 3.79868 3.593692 3.764733
1.029638 1 3.302872 4.826387 ? 0.316644 4.421389
0.231773 0.302767 1 0.506122 4.363111 ? 3.039226
0.519163 0.207194 1.975809 1 4.478171 3.859993 4.849612
0.263249 ? 0.229194 0.223305 1 ? 4.713143
0.278265 3.158123 ? 0.259068 ? 1 0.265139
0.265623 0.226173 0.329031 0.206202 0.212173 3.771602 1

Matrix 77:
1 2.126257 3.517755 0.535987 2.818011 1.799531 1.089749
0.47031 1 4.90351 0.938112 1.476423 ? 2.744984
0.284272 0.203936 1 ? ? 4.682081 2.244029
1.865717 1.065971 ? 1 3.117949 2.512172 0.285537
0.35486 0.677313 ? 0.320724 1 1.725443 4.721357
0.5557 ? 0.21358 0.398062 0.579561 1 4.717106
0.917642 0.364301 0.445627 3.502176 0.211804 0.211994 1

Matrix 78:
1 4.524397 0.516176 ? 1.388227 1.305382 1.254104
0.221024 1 3.554265 1.792057 0.579262 1.681997 3.380129
1.937322 0.281352 1 ? 4.680372 2.69571 1.826458
? 0.558018 ? 1 2.31897 ? 3.869799
0.720343 1.726333 0.213658 0.431226 1 4.321735 3.176002
0.766059 0.594531 0.37096 ? 0.231389 1 4.938959
0.797382 0.295847 0.547508 0.258411 0.314861 0.202472 1

Matrix 79:
1 4.476903 4.47235 0.3904 ? 4.136806 1.740725
0.223369 1 2.891624 ? 3.188954 1.147658 ?
0.223596 0.345826 1 4.976759 1.387368 0.722919 4.533887
2.561476 ? 0.200934 1 2.88901 1.912668 1.186749
? 0.313582 0.720789 0.346139 1 3.450033 2.01396
0.241732 0.87134 1.38328 0.52283 0.289852 1 0.516136
0.574473 ? 0.220561 0.842638 0.496534 1.937475 1

Matrix 80:
1 4.959375 2.435254 2.876958 1.081093 1.434608 1.892811
0.201638 1 1.015371 0.909815 1.462011 0.523713 0.500639
0.410635 0.984862 1 4.901649 1.66314 ? ?
0.347589 1.099125 0.204013 1 ? 3.57426 2.428605
0.92499 0.683989 0.601272 ? 1 1.78662 3.876683
0.697055 1.909444 ? 0.279778 0.559716 1 0.341369
0.528315 1.997448 ? 0.411759 0.257952 2.92938 1

Matrix 81:
1 2.123056 3.954094 1.915717 3.349531 0.854528 1.698548
0.471019 1 ? 1.0889 4.801813 ? 1.333057
0.252902 ? 1 3.754314 4.050153 4.754876 4.337483
0.521998 0.918358 0.26636 1 1.102994 3.558004 2.917149
0.298549 0.208255 0.246904 0.906623 1 0.284703 1.928007
1.170236 ? 0.21031 0.281056 3.512434 1 ?
0.588738 0.750155 0.230548 0.342801 0.51867 ? 1

Matrix 82:
1 0.388662 ? 1.133519 4.456644 4.155386 4.131757
2.572929 1 4.113525 3.711308 3.304238 0.454459 3.83486
? 0.2431 1 0.366754 1.987525 ? 1.024014
0.882208 0.269447 2.726627 1 1.521814 3.642488 2.545025
0.224384 0.302642 0.503138 0.65711 1 2.194874 ?
0.240652 2.200416 ? 0.274538 0.455607 1 0.252835
0.242028 0.260766 0.976549 0.392923 ? 3.955154 1

Matrix 83:
1 3.513893 0.546054 3.096767 2.964289 0.241545 0.232035
0.284585 1 1.275356 3.05314 1.007547 0.200921 4.004846
1.83132 0.784095 1 ? 4.832366 ? 1.773991
0.322917 0.327532 ? 1 1.101962 2.87667 ?
0.337349 0.99251 0.206938 0.907472 1 4.861012 4.145912
4.140009 4.977089 ? 0.347624 0.205718 1 3.146441
4.309703 0.249697 0.563701 ? 0.241201 0.317819 1

Matrix 84:
1 1.199424 4.661593 2.76556 2.805168 1.809141 3.675711
0.833734 1 1.155436 ? 0.895932 0.356219 ?
0.214519 0.865474 1 0.417193 2.308854 2.644884 1.111863
0.36159 ? 2.396975 1 4.602864 1.87149 3.40569
0.356485 1.116156 0.433115 0.217256 1 0.355584 ?
0.552748 2.80726 0.378088 0.534334 2.812275 1 0.596686
0.272056 ? 0.899391 0.293626 ? 1.675923 1

Matrix 85:
1 1.503337 ? 1.853138 2.686232 3.544552 2.271481
0.665187 1 2.242195 2.68339 ? 3.511869 3.512294
? 0.445992 1 4.647945 1.497472 2.025754 3.204952
0.539625 0.372663 0.215149 1 ? 1.150179 4.622232
0.372269 ? 0.667792 ? 1 4.694892 2.205364
0.282123 0.284749 0.493643 0.86943 0.212997 1 3.852415
0.440241 0.284714 0.312017 0.216346 0.45344 0.259577 1

Matrix 86:
1 0.631351 1.609857 ? ? 0.649995 4.401495
1.583905 1 3.508121 0.790257 3.15304 4.138011 1.896638
0.621173 0.285053 1 2.881597 3.323042 3.14828 4.494893
? 1.265411 0.34703 1 2.35946 2.556782 1.767376
? 0.317154 0.300929 0.423826 1 ? 1.728164
1.538473 0.241662 0.317634 0.391117 ? 1 4.896095
0.227196 0.527249 0.222475 0.565811 0.578649 0.204244 1

Matrix 87:
1 1.647574 3.212791 4.777631 1.98171 2.978784 1.460335
0.606953 1 0.655891 3.723344 ? ? 2.99948
0.311256 1.524644 1 ? 0.722521 4.706924 2.319252
0.209309 0.268576 ? 1 2.14783 3.001587 3.75767
0.504615 ? 1.384042 0.465586 1 3.781866 4.627856
0.335707 ? 0.212453 0.333157 0.26442 1 1.929212
0.684774 0.333391 0.431173 0.266122 0.216083 0.518346 1

Matrix 88:
1 1.264886 2.815493 2.587347 3.158398 3.729359 4.637756
0.790585 1 3.342322 0.753525 3.438177 3.814988 4.975394
0.355178 0.299193 1 3.855982 ? 3.414206 2.465
0.386496 1.327096 0.259337 1 3.884508 ? ?
0.316616 0.290852 ? 0.257433 1 2.258003 4.720431
0.268143 0.262124 0.292894 ? 0.442869 1 2.090046
0.215622 0.200989 0.40568 ? 0.211845 0.478458 1

Matrix 89:
1 3.618042 1.750849 4.533466 0.9069 2.638222 3.594443
0.276393 1 2.946955 2.273686 4.039958 ? 3.742735
0.571151 0.339333 1 ? 4.380291 1.665905 1.469502
0.220582 0.439815 ? 1 0.964716 1.408052 ?
1.102657 0.247527 0.228295 1.036574 1 4.915436 1.798039
0.379043 ? 0.600274 0.710201 0.203441 1 0.490303
0.278207 0.267184 0.680503 ? 0.556162 2.039555 1

Matrix 90:
1 2.174199 3.948623 4.188759 1.870827 ? 3.074885
0.459939 1 3.421547 2.990837 2.068158 4.100283 ?
0.253253 0.292265 1 4.270746 0.836644 3.537211 2.885444
0.238734 0.334355 0.234151 1 4.807804 2.735299 4.490126
0.534523 0.483522 1.195251 0.207995 1 ? 1.892248
? 0.243886 0.282709 0.365591 ? 1 4.815523
0.325215 ? 0.346567 0.222711 0.528472 0.207662 1

Matrix 91:
1 ? 3.612613 0.813608 4.474186 ? 4.018592
? 1 4.852376 4.509028 3.454047 1.207427 2.073701
0.276808 0.206085 1 4.760291 ? 1.532276 3.935433
1.229093 0.221777 0.210071 1 4.420837 3.22702 4.201975
0.223504 0.289515 ? 0.226201 1 3.462244 2.06346
? 0.828207 0.652624 0.309883 0.28883 1 2.893581
0.248843 0.48223 0.254102 0.237983 0.484623 0.345593 1

Matrix 92:
1 0.319833 4.813047 1.494267 1.043981 0.579041 1.670571
3.12663 1 3.734386 2.268961 4.078999 ? 4.418983
0.207769 0.267782 1 1.425286 ? 2.104941 1.425488
0.669224 0.44073 0.701614 1 3.599024 3.92747 0.857982
0.957871 0.245158 ? 0.277853 1 4.23404 ?
1.726995 ? 0.475073 0.254617 0.236181 1 1.085319
0.598598 0.226296 0.701514 1.165526 ? 0.921388 1

Matrix 93:
1 3.569523 1.58007 4.696529 3.070468 2.799178 4.313094
0.280149 1 ? 1.487889 ? 1.056603 4.622559
0.632883 ? 1 3.370562 1.740875 ? 4.034955
0.212923 0.672093 0.296686 1 3.107491 3.396254 4.889425
0.325683 ? 0.574424 0.321803 1 4.481991 1.030327
0.357248 0.946429 ? 0.294442 0.223115 1 0.698562
0.231852 0.21633 0.247834 0.204523 0.970566 1.431511 1

Matrix 94:
1 1.593471 4.958774 ? 3.048707 4.00057 3.594189
0.627561 1 1.984317 2.31615 3.416112 ? 3.139584
0.201663 0.503952 1 4.088822 4.366271 2.192918 3.489797
? 0.431751 0.244569 1 ? 3.236139 2.879833
0.328008 0.29273 0.229028 ? 1 2.489245 0.618828
0.249964 ? 0.456013 0.30901 0.401728 1 1.601101
0.278227 0.318514 0.28655 0.347242 1.615958 0.62457 1

Matrix 95:
1 2.774184 ? ? 2.29516 2.423903 1.872967
0.360466 1 1.339495 2.3783 4.079298 2.513344 2.919229
? 0.74655 1 0.221381 ? 2.270974 3.334214
? 0.420468 4.51709 1 1.408697 4.13619 3.847107
0.435699 0.24514 ? 0.709876 1 2.877452 4.599434
0.412558 0.397876 0.44034 0.241768 0.34753 1 4.470685
0.533912 0.342556 0.299921 0.259936 0.217418 0.223679 1

Matrix 96:
1 ? 2.192358 3.685442 4.918827 0.211567 2.152123
? 1 4.025048 3.642201 1.918145 ? 4.125168
0.45613 0.248444 1 0.979809 3.056738 4.737468 1.220574
0.271338 0.274559 1.020607 1 0.356769 0.538089 ?
0.2033 0.521337 0.327146 2.802936 1 3.672985 2.504413
4.72663 ? 0.211083 1.858429 0.272258 1 4.92086
0.464658 0.242414 0.819287 ? 0.399295 0.203217 1

Matrix 97:
1 ? 1.037391 3.880008 ? 2.378749 2.302023
? 1 3.131904 3.044937 2.727248 2.704595 2.702598
0.963956 0.319295 1 1.811941 2.784868 2.97316 0.617947
0.257731 0.328414 0.551894 1 2.712588 1.009459 3.493491
? 0.36667 0.359083 0.368652 1 3.933963 2.999599
0.420389 0.369741 0.336343 0.99063 0.254197 1 ?
0.434401 0.370014 1.618262 0.286247 0.333378 ? 1

Matrix 98:
1 ? 2.900443 1.581008 1.681561 0.65014 1.636249
? 1 0.368521 2.95936 ? 0.973641 4.678226
0.344775 2.713546 1 3.208484 ? 3.647284 3.358697
0.632508 0.337911 0.311674 1 2.021641 1.977549 1.262793
0.594685 ? ? 0.494648 1 1.964036 4.402769
1.53813 1.027073 0.274177 0.505677 0.509156 1 3.058172
0.611154 0.213756 0.297735 0.791896 0.22713 0.326993 1

Matrix 99:
1 4.529298 3.768338 0.657872 0.949334 0.476294 4.148685
0.220785 1 4.86607 4.59888 ? 1.341252 ?
0.265369 0.205505 1 0.514191 3.905681 2.508438 0.944003
1.520052 0.217444 1.944801 1 4.642636 ? 0.812574
1.05337 ? 0.256037 0.215395 1 1.966679 1.783771
2.099543 0.745572 0.398654 ? 0.508471 1 1.657615
0.24104 ? 1.059318 1.230657 0.56061 0.603276 1

Matrix 100:
1 3.358836 ? 3.340551 3.799068 1.37801 2.940465
0.297722 1 4.780565 4.330438 0.727595 3.105888 4.649809
? 0.20918 1 ? 3.368982 ? 1.979072
0.299352 0.230924 ? 1 1.355518 4.676762 4.776798
0.263222 1.374391 0.296826 0.737726 1 2.125306 3.850683
0.725684 0.321969 ? 0.213823 0.470521 1 4.156328
0.340082 0.215063 0.505287 0.209345 0.259694 0.240597 1

